timeDays,tank1Ammonia,tank2Ammonia,tank3Ammonia,tank4Ammonia,tank5Ammonia,tank5Nitrate,tank5Phosphate,tank1ExhaustO2,tank2ExhaustO2,tank3ExhaustO2,tank4ExhaustO2,tank5ExhaustO2
0.0,7.373647786291837,4.327441009478392,2.672310297056531,2.623308491999201,2.4954657549435764,0.3671650461028323,1.87433992459492,0.1515915791018217,0.16682707496601487,0.17411454937760912,0.20967884408540108,0.2097359435256499
0.0071801714930555555,7.240217271185006,4.2950313197258785,2.6583236550392098,2.6221415656486964,2.4945841690108677,0.36974013282639534,1.8755605849873462,0.1521023873073324,0.16693115749716128,0.174162353040418,0.209678855594365,0.20973617237059916
0.014855700081018518,7.089111726025537,4.249206695548846,2.6441700879136043,2.6199229685601275,2.494011380051102,0.37140082172857547,1.8766591351506425,0.15271030326856846,0.16708848907426266,0.17421495652863936,0.2096789196308786,0.20973608289166473
0.022300791863425925,6.941614876157204,4.194642159305892,2.6277447983690383,2.615716290547853,2.4933076489508146,0.3720275602482897,1.8775392526410049,0.15330799664740904,0.16727679419824107,0.17427493713087241,0.2096790664524313,0.20973603222057696
0.029677065520833334,6.795668469739574,4.133548446814833,2.6078930849453816,2.6086549069989986,2.491875673685104,0.37195220373090515,1.8782404186554928,0.15390565304087986,0.1674904652472102,0.1743464210712908,0.2096793089221866,0.20973606171916215
0.037476174988425925,6.641120508644344,4.063592765326193,2.5831312025193442,2.5977980425447216,2.48902923969957,0.3713943933658977,1.878795633933091,0.1545441667864665,0.16773912139389827,0.17443530807902874,0.20967967471018262,0.20973616912382706
0.044624557141203704,6.496150060982747,3.9941139894793554,2.556297586411696,2.5848039158729024,2.4848052233210858,0.37085988017075355,1.8792302194562895,0.15514402146513445,0.16798829985634878,0.17453092722321603,0.20968010798998932,0.20973636729270417
0.05206738075231482,6.321425542551116,3.902280461843611,2.5157178113773506,2.5679840976473076,2.478113852710659,0.3723975039114978,1.8805530562297812,0.1558689336411827,0.16832233345201444,0.17467543954046694,0.20968064572248096,0.20973682597248713
0.059112005682870374,6.13674763374389,3.7980221123431743,2.4658234128849252,2.5489003048652714,2.469797019340458,0.37585030389490703,1.8828419693037481,0.15664158296559355,0.1687107552907412,0.17485606279520144,0.20968124509362626,0.20973728987843432
0.06607388726851852,5.941472393891749,3.6820600837985635,2.407303818428671,2.526962099378161,2.459875174314571,0.3807067411578798,1.8861293034000775,0.1574626800888475,0.1691506678689456,0.17507067620052721,0.20968194229762419,0.20973776037272399
0.07437014996527777,5.697572237659738,3.531508237290941,2.3277669996449997,2.4966231816836175,2.445917103321782,0.38787766673147417,1.8914384095998555,0.15849169240039435,0.16973044082775945,0.17536538569019913,0.20968292448041867,0.20973838409200338
0.08160177766203704,5.478506426434411,3.3928542179239374,2.251784809116357,2.4665329019690656,2.431859440732544,0.39509924255902096,1.8973581478610262,0.15941743810163703,0.1702706020037647,0.17564921242484982,0.20968391386433807,0.2097390111194246
0.08882967673611111,5.274627347342396,3.259758597066889,2.17670414789521,2.43244599085761,2.416097260787632,0.40139606124023525,1.903847837055856,0.16029038983049612,0.17079796764357508,0.17593454935589886,0.2096850542243743,0.20973952922718606
0.09608707716435186,5.120793771250797,3.1530487289961333,2.113256257617159,2.391708445881822,2.3977103768105534,0.40298056899088786,1.9093540548768753,0.16094954830591285,0.1712235232025317,0.17617893995303435,0.20968647283138547,0.2097399780369358
0.10313970773148148,5.008298670245583,3.072806119327074,2.061554401642318,2.345672290159325,2.37589404750572,0.40063195209658226,1.91367617566238,0.1614282325222653,0.17154211031883815,0.17637785990152222,0.20968809236685576,0.209740729613068
0.11077891596064815,4.915372027726779,3.0090416477664625,2.0166934140411237,2.290830300035459,2.346842780564184,0.3948381353838698,1.917169609514197,0.1618205119616567,0.17179315503432332,0.17654959970325285,0.20969001955049618,0.2097418797445389
0.11775839873842593,4.848092550937914,2.9687212497826705,1.9860742515743262,2.2392080643697576,2.315300093134359,0.3874674526623676,1.9191946600356473,0.1621022403418836,0.17194986163837728,0.17666625016568144,0.20969183474737388,0.20974316435253368
0.1249999988425926,4.789198423612318,2.941368564336175,1.9644398692201956,2.1870783813671397,2.278226666679345,0.37850198892005577,1.9199906222353385,0.16234713459367855,0.1720539439849989,0.1767482660668174,0.20969367562261915,0.20974466948856246
0.13197693021990742,4.711861174108961,2.9075177465858077,1.9426523318881361,2.142014410443085,2.2406399872888962,0.3725704635181247,1.9208354319969814,0.16265616662593435,0.1721765561321576,0.17682534579313025,0.20969525807179595,0.20974654216523178
0.1389841507638889,4.598640841522226,2.8505871240082006,1.9110573781029845,2.1033563218265425,2.2041250410194317,0.37217303174577543,1.9232312796920927,0.16311931087880788,0.17239361295581768,0.1769384600161163,0.20969655230851467,0.20974845145059176
0.14593149842592593,4.463455147136175,2.776167973407047,1.871706043890269,2.070795102475308,2.1705943230703815,0.37614587189882775,1.9271858856641597,0.16367555489081212,0.1726846837855847,0.17708331967453916,0.2096976086492388,0.2097500600345291
0.15396536672453703,4.288578403911064,2.672631071667482,1.8171612241033657,2.038732013662747,2.13596877777849,0.38484872301317885,1.9338381026679963,0.1643944381175482,0.17309529335895105,0.17728866837659235,0.2096986434204392,0.20975163728399096
0.16176767836805556,4.106733343614476,2.5589522826541753,1.7563166728996167,2.0117558813684093,2.1067148872715458,0.3965537672882766,1.9425749217349133,0.16513890948616433,0.17354967913311123,0.17752105833241083,0.20969952540720535,0.20975297930351172
0.16883542104166666,3.9390575551329094,2.4497422143797687,1.6968163182680114,1.9899419454680412,2.083665323786858,0.40922850804274635,1.9524258609769518,0.16582599748021984,0.17398951710010993,0.17775109762038624,0.20970025133610645,0.2097540464671621
0.17610214123842594,3.808015106653174,2.3513896585615313,1.640959442290559,1.966304681525005,2.0616718122422686,0.41972144174696363,1.9627758445074122,0.16636738680114918,0.17439067992784096,0.17797217610183996,0.20970109128988013,0.20975473469114414
0.18351274258101852,3.7185153936059696,2.269983412084936,1.5900420453443362,1.9377705166865877,2.0393546049770315,0.4266083482134688,1.9730164588021182,0.1667341721792243,0.174721885478004,0.1781749677613467,0.20970215517834392,0.20975554446493017
0.1905357739351852,3.6636827755805776,2.2095049300479697,1.5471058648084535,1.9058728332175467,2.0171399890114254,0.43025334811341087,1.9824758844724675,0.1669568694559865,0.17496602882069606,0.1783450261938082,0.20970333981423275,0.20975652811348494
0.19872793064814814,3.6261425155358293,2.158233076832319,1.5047480206358073,1.8642554948148036,1.9889745778304864,0.4317756575426776,1.9932310387606562,0.16710756328258636,0.17517103089558675,0.17851189472540888,0.20970486881782663,0.20975786527997012
0.20603213619212962,3.6096201775694228,2.1281062576353778,1.474717697555843,1.8252640212535816,1.961551897414856,0.431235853363056,2.002554434308015,0.1671725643427622,0.17528997673136967,0.17862998320310236,0.20970629452201495,0.20975917324219742
0.21349041753472223,3.6052083501207113,2.110813622079993,1.4519534095078752,1.7854228100937033,1.931422596868662,0.42911097497107875,2.011705713020639,0.16718897633144073,0.17535706167804116,0.17871993988251553,0.20970775353833673,0.2097605711144998
0.2209809628587963,3.612093333759031,2.1064709302391518,1.437488863639237,1.7465279714558444,1.8991991965852608,0.4252624348528448,2.020249540232529,0.1671596869810792,0.17537184086380003,0.17877804185428997,0.2097091926861569,0.20976202067725752
0.22860411133101852,3.6265368986623194,2.1126821852922206,1.4305718091609325,1.709427859602729,1.8649754289201927,0.4200858309211353,2.0281649741783196,0.16709975015872328,0.17534361862262152,0.17880683871333286,0.20971058334668743,0.2097635650063297
0.2365501970949074,3.646304469785663,2.127920163744847,1.430832681286923,1.674719451530084,1.828639620956581,0.4139303967143289,2.035436142223007,0.16701850164672102,0.17527865370993614,0.17880772511599305,0.20971190468101117,0.20976520768276202
0.2436957672800926,3.666283096912213,2.1473071490282765,1.4367437846497022,1.647829478725824,1.7962461670363403,0.40821723900595486,2.040976415020814,0.16693694881962884,0.17519735109692242,0.1787864493248116,0.2097129494840883,0.20976667061731633
0.2507148237037037,3.6871912041894013,2.170138236401563,1.4469927350423282,1.6258849274739138,1.7654721997058906,0.4028384242269711,2.045352444097599,0.16685312081103723,0.1751024886494389,0.17874837739838215,0.20971382576813732,0.20976805903449544
0.2580467659143518,3.753691602264099,2.2038604816015686,1.4638053558731647,1.607586516035076,1.7347894657530558,0.39692660409606284,2.0482238908479733,0.16659471712707388,0.17496618633691233,0.1786862078643896,0.20971459486064897,0.209769350949083
0.2658360025115741,3.890675964780927,2.262059526795924,1.4905300135084574,1.5937659578960806,1.7043879575083873,0.39044319520559423,2.048842862724812,0.16604771320285772,0.17473198567529583,0.1785867152846591,0.20971524958047466,0.2097706353822933
0.2730558921759259,4.062430045180887,2.3410264493923947,1.5256444611620747,1.5873255453984445,1.679148994120297,0.38516282165292265,2.046947012691826,0.16535672775357935,0.1744142021058718,0.1784545012125639,0.20971565294699623,0.20977174707517474
0.28068180670138887,4.278374294287665,2.4514723086409167,1.5762784459515924,1.5891217024695774,1.6568083477092372,0.3812896126686868,2.0421158480335233,0.16448257525172916,0.17396983032248683,0.17826231396518039,0.20971578581261677,0.20977276140069068
0.2878110334837963,4.505074214604741,2.5787070752112733,1.6380736916582428,1.6008032117802682,1.6413379519268223,0.3799962122404983,2.034764589391253,0.1635573486370714,0.17345831556339703,0.17802662310772588,0.20971555906549075,0.20977348742691962
0.2948953683101852,4.766796695158205,2.7257594040516997,1.7137279530870975,1.6237555609315157,1.632700019842015,0.3816616140379304,2.0246883992681997,0.16249296438657623,0.17286779495938254,0.177736772668859,0.20971492759969873,0.2097739547855107
0.3022091916550926,5.186522969556431,2.908056263734263,1.8040362523335276,1.6599235787577011,1.6323781643977577,0.3878391558267579,2.01210222050045,0.1607679664713298,0.172141080266977,0.1773895413393699,0.2097137970102045,0.20977418398425046
0.30976581914351853,5.76056300987762,3.155159508572812,1.917440279410135,1.7117669248961849,1.6424539972669374,0.39888734139833626,1.9969825527226355,0.15836855872282038,0.1711637472725784,0.17695496054369547,0.20971206429512607,0.20977393557086155
0.31689846645833336,6.3981995164602,3.4523791373724992,2.0519760892860694,1.7770174169810573,1.6629880878537742,0.4131070351212581,1.9808663728211673,0.15568973874454967,0.1700016246283717,0.17644234475379086,0.20970982038591784,0.20977319730960056
0.3240483532060185,7.107064371731616,3.8126048731252338,2.2200589059469746,1.8621284532629325,1.696091319875968,0.43036452825105526,1.9630992055074827,0.15272725878926338,0.16862463880570377,0.17580619802669736,0.20970685726343188,0.2097719258467839
0.33115204957175925,7.864726245108686,4.229793724492623,2.423973681180185,1.970255297841814,1.7436793764455694,0.44978810277113207,1.9440729879603202,0.14960735314493243,0.16710666549183806,0.1750415808883069,0.20970307264141372,0.2097700599849388
0.33818671608796297,8.609908965383655,4.694649067527498,2.6630830561209287,2.103832544862569,1.8077140119739568,0.47074677870815124,1.9242589828494394,0.14657820315801245,0.16555883684016975,0.17415615765550158,0.20969839026877365,0.20976755379606477
0.3451832539351852,9.226133833789424,5.17387405663052,2.930998118932096,2.2638079941386837,1.8899951380282995,0.4930417428534369,1.9042354454215402,0.14414318653335506,0.1641433012911211,0.17318172130644222,0.20969278625651894,0.20976434631393903
0.3528795337847222,9.80014326315518,5.691402392941654,3.249861424031567,2.47044406953517,2.0041144984355737,0.5185427519673381,1.8821678764175576,0.14195700540385675,0.16283411501039896,0.17205412075656756,0.2096855933704753,0.2097598432372632
0.3604355779282407,10.296319619050799,6.177996876993471,3.5761460497273205,2.7011661687592703,2.141425849163305,0.5439518133265866,1.8607376242234868,0.14013695317687314,0.16181302423743796,0.17094764952057423,0.2096776636334314,0.20975440193180236
0.36751337873842593,10.724227891578272,6.612757113893589,3.8861479070911717,2.9377279521944777,2.2925837814846646,0.5676884069601117,1.8410847160618042,0.13862365313162417,0.16106174800526862,0.16995449873717625,0.20966967004716447,0.20974842553036724
0.37474558125,11.140180984995627,7.03851004110173,4.203248619248775,3.195150165037861,2.4682764032989954,0.591619159133897,1.821581196055498,0.13720666895838945,0.16045467157218551,0.16901390725944884,0.20966115315449046,0.20974151966589227
0.38175754011574076,11.516286864240673,7.4327471207420945,4.507264475834544,3.4550272850736135,2.6565482040335713,0.61445923657213,1.803461195980213,0.13596696035843905,0.15998587385625512,0.1681983742207182,0.2096527697575042,0.20973420718206964
0.38877722190972225,11.859734669346738,7.804522127879022,4.804930289362027,3.7207263945948523,2.859488044849231,0.6369118025504957,1.786298056598302,0.1348815796324691,0.15961100662715327,0.16749389981148538,0.20964445534636636,0.20972641649335255
0.3963724222916667,12.208001540502462,8.182112340580913,5.118939567067586,4.0111324348022,3.0923170038289034,0.6604136190625907,1.768837743453607,0.13382739225180287,0.15928424980146838,0.16685635218599193,0.2096357193386051,0.20971758770058524
0.4039729223726852,12.542193248021363,8.537864737490255,5.424636561949187,4.302045039405815,3.335955177592987,0.6826931918154772,1.7524971575327357,0.13286022243849727,0.15901627152875847,0.16633546588474463,0.20962740159157206,0.20970850718117845
0.41153984512731484,12.86723932493177,8.874583203161217,5.720946014028474,4.589958016248864,3.58617215177987,0.7031846978483782,1.737302481701707,0.13196196410404004,0.15879131396626606,0.16591423272993816,0.20961966608675286,0.20969938270561783
0.4185328748726852,13.15891843685735,9.174031732546453,5.988499068126788,4.853422930500797,3.8220327735990556,0.7202210366901365,1.7241478089734597,0.13118371189603778,0.1586104715531647,0.16559423051066402,0.20961308260279016,0.20969099519069337
0.4257817934259259,13.353062403981069,9.463694988183457,6.260906455856676,5.123948664951576,4.069983864114222,0.7354719476553607,1.7112710241885813,0.1306538369661553,0.1584471183294185,0.16531722121890874,0.20960687106048811,0.2096824175213989
0.4332159088888889,13.433931226848832,9.711555176547462,6.528921883010036,5.397723180827173,4.3265756894071625,0.7482220166536935,1.6987630449008997,0.13042257065178697,0.15831046963744436,0.1650830313761411,0.20960118437729203,0.20967384616778154
0.4406747689814815,13.430794748689333,9.897286190367204,6.775487838886449,5.6652539181662265,4.584523743853459,0.757938851791332,1.6868275187611177,0.13040097459951222,0.15820379129004333,0.16489441064728244,0.20959621871748038,0.20966557649378118
0.44844912053240743,13.365589513676362,10.022967761757615,6.998314606281999,5.930708802049713,4.851117046743422,0.7648996884094472,1.6749101961095034,0.13053222792447317,0.1581202497617216,0.16474119705560922,0.20959185326612062,0.20965742196040613
0.4559431557523148,13.261490829750388,10.08414676442829,7.173487717053404,6.1673606450242175,5.102287129119582,0.7688769093901879,1.6637739634590913,0.13076517707843655,0.15806179162517395,0.16462894624208085,0.2095884024674,0.20965012536423863
0.4632029528587963,13.140763908330323,10.094649679930418,7.302630985814979,6.3729442653031425,5.335942507238435,0.7706623906687473,1.6531801182297852,0.13105263794661107,0.15802245530779907,0.16454797176682018,0.20958570879815905,0.20964369394071308
0.47088113403935183,13.019996988957214,10.065795329538128,7.394509514117291,6.559593986190654,5.567436158515303,0.771045139779558,1.6420971561370108,0.13134805289772067,0.15799578609612966,0.1644877630768231,0.20958347635350125,0.20963766953088678
0.4778259903240741,12.915212209465611,10.01604934729529,7.441888181716379,6.698815907999384,5.759359109929011,0.7704660070451224,1.63205170506791,0.13160859827893306,0.15798133240466314,0.16445153814110455,0.20958192178704213,0.20963292042918494
0.48551912502314815,12.800497695148517,9.94320636017288,7.460611512933972,6.819700834981026,5.949271393725098,0.7691688987958228,1.6207840340546176,0.1318994715747373,0.1579736080029173,0.16442757655482504,0.20958062688794069,0.209628429006745
0.4929478698611111,12.688219714454775,9.860222540004237,7.450761700020568,6.904313230570031,6.107736098496664,0.7675394896460788,1.6096912131359187,0.13219051607648466,0.1579730907178506,0.16441759283514312,0.2095797277170577,0.2096248223456424
0.4999999988425926,12.578247742659084,9.77265373851019,7.420681828245899,6.957465768339512,6.234387510837275,0.7658306836281054,1.5989394100484704,0.13248196459307882,0.1579782982312109,0.16441812577505294,0.20957913770494938,0.20962200879074785
0.5071481993171296,12.407160086211553,9.667635724232612,7.36939732920843,6.985945668840769,6.337906302823749,0.7644819578714926,1.5879917379304382,0.13292944816261398,0.15799160388367525,0.16442870429522555,0.20957876421106644,0.20961975659978013
0.5141355295833333,12.149839067097073,9.529352638526218,7.295661279844667,6.990030791753773,6.41472929535289,0.7639345158072888,1.5774395813312172,0.13365668649713347,0.15802196476983515,0.16445148543130325,0.20957859946167076,0.20961806186197376
0.5211113161226851,11.829279289300901,9.34784035773128,7.195691528896499,6.971294552171186,6.468426507679022,0.764102310365664,1.5671110161259003,0.13461189309229066,0.15807665435260707,0.16448946507328222,0.20957862636999353,0.20961678782752458
0.5292949425231481,11.396556750928458,9.079201000522984,7.040629483384737,6.919563799655976,6.503082398920789,0.7652453796016696,1.5553374094416024,0.13597041189414363,0.15817948444634117,0.164559144331218,0.20957891609016432,0.20961578563833683
0.5363794941087963,10.987741999344657,8.802616799417141,6.871597083233704,6.847675028572939,6.5087304108871935,0.7672005702469349,1.545501994818834,0.13731842034791059,0.15830914896853573,0.16464751569789804,0.2095794204266974,0.20961533249117675
0.5433946226041667,10.56424898765985,8.494557952597873,6.672716555417994,6.750801143127034,6.492060658349743,0.7702020026038349,1.5361238992802222,0.1387795290276914,0.15848245468184327,0.16476761125305217,0.20958018945490034,0.20961526133630776
0.5505676188078704,10.178129999642485,8.158684818152988,6.440529164830354,6.625049338163579,6.452095418267583,0.7743822306158106,1.5268593060227935,0.1401753156332949,0.1587109433706277,0.16493160827440023,0.20958130140434006,0.20961557320913873
0.5575419238541667,9.855756649018051,7.83126656363039,6.193058113769628,6.477762428015719,6.390900312048403,0.7796396537906842,1.5181526573373247,0.1413667864882368,0.15897915150535194,0.16513844099769126,0.20958275097788828,0.20961628562425325
0.5653531724537038,9.536044612668297,7.4765273027180505,5.900171035077995,6.286432503586894,6.296540369965044,0.7870302422644093,1.5087728954244817,0.14257113307364772,0.1593288970685108,0.16543381799157542,0.20958486908713206,0.20961759838692431
0.5728239409375,9.256290064369413,7.1544042071190725,5.61396454068526,6.081902030380569,6.181946751512675,0.7954745401132912,1.5002008059852827,0.1436425422763643,0.15970888934336663,0.16578606315660308,0.20958743983424172,0.20961939055006126
0.5802049030671297,8.994997516540478,6.853618185243096,5.333017542702081,5.864416882599034,6.047385927176747,0.8048029577089788,1.4921627064977656,0.1446572454245461,0.16012556877775727,0.16620478349615192,0.2095905430395422,0.20962169796021737
0.5874492403472222,8.763339841010158,6.577652812121923,5.066482780029886,5.640559023266901,5.896960450069412,0.8140410592414302,1.484603564622742,0.14558219979159787,0.1605690705663092,0.16668028907448182,0.20959415635550288,0.20962445273112282
0.5951027997916667,8.609745730155613,6.328482301303206,4.809648043586524,5.3961464326191955,5.719221024603799,0.8215481789736717,1.476290111015694,0.1462125190835327,0.16102819190244347,0.1672185148906454,0.20959862226341477,0.2096278807836449
0.6029030603472222,8.52851257045048,6.129796951063429,4.581219425548913,5.146688586755824,5.521036563231458,0.8263151005140007,1.4674185532347137,0.146551273671938,0.16143590410101855,0.16776433856499273,0.2096037510520442,0.20963210764160034
0.6102725559027777,8.49904082875328,5.993946439247086,4.401380541793166,4.918934413750837,5.322377956172917,0.8278518473334681,1.4587015220865818,0.14667957050014252,0.1617372800636958,0.16823751975084325,0.20960892114558594,0.20963673186998902
0.618651744699074,8.502310315810822,5.895169231131928,4.242265327279701,4.678857768985337,5.089948849473555,0.8255980457767118,1.448444552533705,0.14667590098759603,0.16196943158007637,0.1686864285904126,0.20961484499008673,0.20964257317901644
0.6256312576388889,8.52491524258501,5.851530698592529,4.146020032563862,4.500308385170214,4.897111503162171,0.8200694303633748,1.439672860977448,0.1465918460628695,0.16207706349196538,0.16897109519105155,0.20961954321729917,0.20964774231648872
0.6328730601388889,8.540144211145956,5.82876899225311,4.074017919374615,4.339974737658209,4.704516798907973,0.8113438228146312,1.4306952744592607,0.14652890888681286,0.1621323149237897,0.16918839243342648,0.2096239543822093,0.20965324834173732
0.6408096899305555,8.536343273248539,5.8141292566657565,4.018985497954904,4.193998027061557,4.508369512949689,0.798762632540547,1.421305644025062,0.14654629143505116,0.16216718626493587,0.16935713706451427,0.2096281058272569,0.2096591178800475
0.6481077411921297,8.521744278590388,5.803860515791845,3.9846408115941903,4.085257131725522,4.345157981359072,0.7845020184786313,1.4131595395651637,0.14660882339296694,0.1621911192511563,0.16946338892616478,0.20963127705784104,0.2096641608562773
0.6562363469560185,8.49958112484247,5.7925734642501805,3.9586293056623285,3.9891895613497264,4.184726439441201,0.7660224694338157,1.404712935176783,0.14670346781001237,0.16221722909054662,0.16954400374608372,0.20963413190965755,0.20966925752028934
0.6639946270833333,8.477051493944886,5.780996235675939,3.9414066185346095,3.9179765023623254,4.052903474123776,0.7465253391436176,1.397319810670152,0.14680010892131107,0.16224417509552996,0.16959715631146705,0.20963627855562564,0.20967354915283895
0.6710965779050926,8.448231399256699,5.76258567326267,3.9245149601862344,3.866511788386169,3.9499626604989593,0.728705553126387,1.3914402374770074,0.1469141749090579,0.16228224573510014,0.1696454209858919,0.20963783750930265,0.20967706939438546
0.6781617427314814,8.384786232938197,5.711703140441553,3.8868201532359894,3.821929483652738,3.8631480673384346,0.7147840283537485,1.3875341509965178,0.1471675598247557,0.1623968602252583,0.1697564404933335,0.20963915229342842,0.20968027364953928
0.6858898655208333,8.285848565568045,5.621278838190693,3.8212253897756487,3.774203134739997,3.7819796412421867,0.7038161525455837,1.385585809864977,0.1475671372676912,0.16261552510992458,0.16995831714759344,0.20964053248889655,0.20968323438954267
0.6939240250925925,8.159533702205948,5.494314340462977,3.728039702170782,3.720976760128751,3.70823037667912,0.6962495902728182,1.3861431913153077,0.14807879490556533,0.16294001112290935,0.17025475474261492,0.2096420761610441,0.20968588225458293
0.7013432210185185,8.026236325371736,5.351861258926685,3.621807486278888,3.6659852072586365,3.6460960852201993,0.691893769966247,1.389009465435345,0.14861987904792479,0.16332367340920056,0.17060211629017255,0.20964369269568253,0.20968811687270583
0.7083332988425926,7.887906931009873,5.198870396093427,3.506535453327266,3.6082149409060573,3.5904202364444484,0.6894966831837226,1.3937824833790802,0.14918271284289397,0.16375688510739206,0.1709880801188705,0.2096454157345404,0.20969014423977972
0.7155395182986111,7.775044379614997,5.055598554568085,3.3942461037694316,3.542184705745695,3.534304047846801,0.6836679732281018,1.3996778420605303,0.14966443416438013,0.16419792578245826,0.1713809847538692,0.20964743850741363,0.2096918350981355
0.723546190925926,7.717008035762426,4.947273151634209,3.298256941415124,3.4625634516186996,3.4710658717224274,0.6681738276754295,1.4061151745540947,0.14991757522783233,0.16454665056302295,0.17172393829607274,0.2096499785077259,0.2096937189920826
0.7305483070138888,7.708263661978344,4.893866578039007,3.2383844520019585,3.3907760172818895,3.4134395054866182,0.6483408688949011,1.4116380865234497,0.14996268820180111,0.16472469034534987,0.17194017288782004,0.20965231121450822,0.20969568399442193
0.73793088,7.728563423310403,4.875736311588935,3.2002276966195358,3.3180981490690034,3.3502770858720283,0.6231912187373494,1.4172627380155123,0.14988660401419956,0.16479045305681994,0.1720796224690607,0.20965469840623274,0.20969798122535163
0.7456485556712963,7.771432233177389,4.892982861936269,3.1875860599345662,3.2512969445402398,3.283235141435996,0.5944417683187421,1.422755815850733,0.14971649111172036,0.164742460222346,0.1721282269923385,0.20965691871481618,0.20970048448769768
0.7528500113888889,7.821209093708813,4.93439364557804,3.19838712154144,3.2019279593670102,3.22236746307221,0.5673314649227001,1.427381499360185,0.14951347121920264,0.16461457447045758,0.17209165480970146,0.20965858401177986,0.20970281060295123
0.7604321261458333,7.854651757756726,4.978833479115744,3.2187523297164704,3.1652203279257223,3.1634107793112225,0.5423128082765996,1.4321286345904007,0.14937453247198731,0.16447300232889672,0.17201807172776296,0.20965982440783568,0.20970523381624465
0.7686219106828703,7.870480363449648,5.019255890690691,3.2448158532044853,3.1414602810163084,3.1085551159799887,0.5200287999548813,1.4370706313889439,0.14931112665434987,0.16434571817160545,0.1719244893088621,0.2096606251633484,0.2097074570531075
0.7756722742824074,7.873284640579519,5.04663996184023,3.267944723438722,3.1318891665623503,3.0699089446839762,0.5043758361668901,1.441053960342513,0.149301973890958,0.16426028606921295,0.17184208014992308,0.20966095334205986,0.20970899048392566
0.7837380098032407,7.8691263943538186,5.069814479322298,3.2927838515237604,3.130085412129488,3.0356370231230736,0.4899424692726121,1.4452293262146747,0.1493220819899453,0.16418829521152473,0.17175396448954125,0.20966102764504693,0.20971034344244685
0.7910269359953703,7.861570011592041,5.084308299500565,3.3125533742059856,3.1342054641455106,3.0131950740144844,0.47968534284062886,1.4486265153163622,0.14935589026779839,0.16414327688025793,0.17168398823524378,0.20966090510262803,0.20971123666295038
0.7986311459259259,7.853732626205053,5.091903374082419,3.3281869412636103,3.1417611851499094,2.9971881112950274,0.47177182731105527,1.4518928473063368,0.1493917980587826,0.1641181016301136,0.1716277237478383,0.2096606653599855,0.2097119190652848
0.8062607486458333,7.849068212532586,5.0919826777559125,3.336896918643272,3.150233090730001,2.9871428313778963,0.46667266307355065,1.4550546488182885,0.1494145342964685,0.1641163819139666,0.17159573297476227,0.20966038643664525,0.2097123836269707
0.8137085550231481,7.847161803410325,5.087866492893143,3.3398761274791444,3.1578851697891914,2.981694263701089,0.46392101157052257,1.4580826480396958,0.14942548350523388,0.16412809522273936,0.17158418635554912,0.20966013027482944,0.209712650957108
0.8206712110879629,7.847254620319124,5.08189307946147,3.33878509881834,3.163688130698179,2.9793054803907766,0.46289704187346564,1.460913187951389,0.1494276408089018,0.16414588008250602,0.17158723788156352,0.20965993403586672,0.2097127876333862
0.8300920523263889,7.849527351248568,5.072153845362465,3.332931124777987,3.168812176308473,2.9785404882944784,0.4632434997145308,1.46482840407581,0.14942120681808196,0.16417533906843174,0.171607012289871,0.20965975770410072,0.20971287361083363
0.8375532601504629,7.849051088352813,5.062436606930575,3.3249448478238954,3.1704196880538142,2.978768332875043,0.4646271710708565,1.46811005939399,0.14942214196728645,0.16420367925175997,0.17163394418036487,0.2096596969235261,0.20971292827259214
0.8451659843402778,7.831820874379103,5.043647825377261,3.310394399678061,3.1691557873381355,2.9785963959065307,0.4673247624748254,1.4719158504783034,0.14949067339957323,0.16425835755072032,0.17168325481900604,0.20965972072925967,0.20971304140101768
0.8524681828587963,7.802490593696008,5.0161618736895965,3.2903297763920105,3.1648441428232994,2.9775423704450894,0.4707745153312795,1.476075771656144,0.14960994521802784,0.16434040217573054,0.17175228627914912,0.2096598395258703,0.20971316299942797
0.8610386569212963,7.75677244068677,4.9727550575224,3.2593629758866918,3.1555356132639925,2.9746612331306244,0.4753621898165731,1.4816531003817404,0.14979694485036812,0.16447254127841435,0.1718599614820356,0.20966011683913013,0.20971334959759355
0.8690256500347222,7.706241513542255,4.922756299432914,3.223648480704846,3.1423958892851886,2.969890720169288,0.4797335433882148,1.4875765281868905,0.1500042200470802,0.1646275594634983,0.1719851472053193,0.20966052227947013,0.20971359948428075
0.8760399168518519,7.657242341289151,4.872487240539511,3.187350852390683,3.1271815382234944,2.963718802584113,0.4833947464267443,1.4933856311780602,0.15020589111450483,0.1647861309832125,0.1721133105310344,0.2096609999445484,0.20971389659160775
0.8840208403472222,7.604411510678425,4.814496191569215,3.144314182201106,3.106031908817433,2.9544394894238324,0.486571767147573,1.5005182529124603,0.15042590886175747,0.1649738590908428,0.1722672451908552,0.2096616772320947,0.2097142727569794
0.8918659215856481,7.557588611604934,4.75987946598751,3.1022541367727676,3.081903960924415,2.9428469254073417,0.48836295626888593,1.5079795124978652,0.15062050271109273,0.16515293014432403,0.1724183995572507,0.20966246285167575,0.20971475126592698
0.8990316566319444,7.517662814022314,4.712172242099047,3.0643992540422134,3.0575474545660573,2.9300274542120364,0.4889883212629134,1.5151821599175395,0.15078639521973594,0.1653110576327551,0.1725548549658779,0.2096632608674432,0.20971529976100012
0.9074937996990741,7.472633373801174,4.658392277523119,3.020824091745131,3.0267875362585315,2.912273440131659,0.48870627681285994,1.5241475530350825,0.15097358469006308,0.16549121147454565,0.17271244714617393,0.20966427217294278,0.20971606504822843
0.9149938997106482,7.433799617977766,4.6127440854666215,2.9834310119284764,2.998422480795471,2.894434561701017,0.48771284559680383,1.5324873598569202,0.15113513658927352,0.1656457004319355,0.17284815763343003,0.20966520768190414,0.20971683188839144
0.9227722323958333,7.393429494918148,4.568128653084555,2.94663368761354,2.968510577122297,2.8742302621427673,0.4859439043490117,1.5414556943891315,0.15130291970719323,0.16579873055876967,0.17298254845284716,0.20966619840067494,0.20971768166165392
0.9304287006597223,7.352164549830414,4.52795356544036,2.9135947431148033,2.939138061469926,2.853042219463821,0.48332069351803975,1.5504764109963323,0.15147454225673287,0.16593758644730167,0.17310373807834628,0.20966717841041937,0.209718561298777
0.9381941960648148,7.309002374227308,4.489584385418386,2.8827967469665046,2.9098541289082274,2.8305531132801116,0.48000060180337556,1.5597806695444778,0.15165433242751936,0.16607086167037066,0.17321686963791053,0.2096681600312106,0.2097195080940458
0.9456626238078704,7.266546935169027,4.454107648999794,2.855271365974859,2.8824786817847547,2.8082907450773047,0.47641286489468404,1.5688389688099555,0.15183148058261275,0.16619474446251908,0.17331808009537744,0.20966908025970477,0.20972045337622042
0.9538756626388889,7.219069711629068,4.416103876469449,2.826862488612137,2.8534883340756108,2.7834486455927596,0.47225362208109073,1.57888189691946,0.15202991782293246,0.16632823236308208,0.17342265762885567,0.20967005706406847,0.2097215125643356
0.9609035497800926,7.176246794080777,4.384122279847286,2.803769487593912,2.8296764882764114,2.7621461409617174,0.468659559544922,1.587509129251705,0.15220692677202768,0.16644122209817094,0.1735078040425794,0.20967086108142313,0.20972242246723638
0.968630398287037,7.1075047935445355,4.347550013030868,2.7795321892072735,2.804547986766228,2.738905645019172,0.46471093561236104,1.5969744284204073,0.1524898118329156,0.1665703837858733,0.17359728653138273,0.20967171197201995,0.20972341190736374
0.9765723332638889,7.014835144523053,4.304137924446782,2.7547188450453586,2.779701363643915,2.7153719122851063,0.4607543416001595,1.6066552325289176,0.1528766855298321,0.16672439083582286,0.1736887989237839,0.2096725553972604,0.2097244187822584
0.9852077198148148,6.896425684835218,4.248004566149589,2.7260985012330488,2.753318678436245,2.6902631221146507,0.4566906853879941,1.6171632062205563,0.15337520030917076,0.16692569721534994,0.17379429881657424,0.20967345201716292,0.2097254988965678
0.9926885928009259,6.783514347574402,4.19176285493367,2.6988047336372256,2.730421599398157,2.668859687698298,0.45343725814344776,1.626372810693646,0.15385324494890237,0.16712993677828522,0.1738950272710736,0.20967423056753529,0.20972642240488823
0.9999999988425926,6.666682830229022,4.130660364280331,2.669322533002299,2.7074624639534814,2.6481074051673255,0.45052211723485724,1.6356734826379233,0.15434983073042494,0.16735449020777443,0.17400408359936115,0.2096750115676623,0.20972731871109468
1.0069843756828705,6.536577891932679,4.056585375123431,2.6319209243079635,2.6844759651839936,2.6280555984554064,0.44960534913697825,1.6455499840094623,0.1548960595664765,0.16762493039208473,0.17413969212998998,0.2096757822001039,0.20972833864819584
1.0141685962731481,6.3760437407140875,3.956983353677724,2.578910033879259,2.658951306152866,2.6070341410670372,0.4518672473758755,1.657475250167756,0.15557331141943842,0.16799650011647838,0.17433385393709083,0.2096766119704085,0.20972944285683623
1.0218117147337964,6.184088950435043,3.830499645125524,2.5090036682880537,2.6293075965891024,2.584302405624631,0.4570478789977842,1.6723741365016551,0.15638522920133785,0.16847762960061863,0.17459310549527252,0.20967757297544462,0.20973054837593402
1.0288217439583334,5.994208523606139,3.700211030712263,2.434722422416765,2.59960085953773,2.5630632166220266,0.46368698071532916,1.6881942607447011,0.15718968643455525,0.1689807856624711,0.1748711981027499,0.20967854733769692,0.20973154008182196
1.036618145763889,5.771709575640321,3.543757543235628,2.3432263550313968,2.5637623976482398,2.538890021842963,0.4727521169495064,1.708278012567535,0.15813333825218412,0.16959224436147347,0.17521630730509075,0.20967973893749622,0.20973266432361715
1.0435854222337964,5.566986826178043,3.3979993552364713,2.256343123348284,2.5296085353187863,2.516771440303556,0.48205016861910105,1.7283838991208296,0.15900474436590337,0.17016852370498647,0.175546885665445,0.20968088761216921,0.2097336852796396
1.0508000451504629,5.379919018925025,3.261677663130875,2.172626289326077,2.4905082757759907,2.493159136444644,0.4891526694720252,1.750707533302501,0.1598080124755356,0.17071492831685603,0.17587045677396407,0.20968223796481292,0.209734516292343
1.058047291736111,5.220832798071294,3.143811260902108,2.096855961377289,2.446091142959976,2.4677070515899358,0.4928498962148291,1.774540188090578,0.16048814893397417,0.17118794719763683,0.17616460975653087,0.2096838035281356,0.20973548430750058
1.0656210624074074,5.077613372504577,3.038387820546955,2.025765332531413,2.3943980931091557,2.438236638413402,0.4939380262583804,1.8010253056289187,0.1610974440431427,0.17161037789191189,0.17644033176486876,0.20968562577664274,0.209736747698842
1.0738079006481482,4.9421995659384255,2.942071021857162,1.9582603178476135,2.3343580938687465,2.40247547577925,0.49282364538339435,1.8314617032614156,0.16167048063658074,0.17199542998151934,0.17670173076971696,0.2096877352730415,0.2097383429606066
1.081061199039352,4.834354589152953,2.86955118438703,1.9063742096785186,2.2795149929097196,2.3674045193794377,0.4903875512392748,1.8599128120653956,0.1621245140697325,0.17228461943698187,0.1769024643168522,0.20968965970663242,0.20973990626922842
1.0884681032060186,4.729072122884267,2.8013770019217703,1.858387081957251,2.2243349519721427,2.3289484230649644,0.48789099674518105,1.8903093597914604,0.16256329352773236,0.1725537220310205,0.1770865768474303,0.20969159636120924,0.20974170089942545
1.0955902480208333,4.623589755278119,2.730719015165785,1.811509929760153,2.1752677940465825,2.2911492502835817,0.488326794240292,1.9207242417753188,0.1630014588832143,0.17283270518649735,0.17726521886752483,0.20969329893503338,0.20974357402610208
1.1030400627314816,4.510289598905272,2.653462670037053,1.7624680790513947,2.1291075587871497,2.2521370449142997,0.4915145527828106,1.9535008416122466,0.1634715281899412,0.17314002966997888,0.17745327903884273,0.209694894462224,0.20974542986284142
1.1109675441898148,4.387555161664282,2.568885288249192,1.7104446696716276,2.085688486962251,2.2123151879323357,0.4974828128014638,1.9891883029685957,0.1639791447595114,0.17347848186497872,0.17765452800258943,0.20969640491691693,0.2097472726301964
1.1189073561111111,4.263222581411179,2.482634738411806,1.6584609094112477,2.0473556768852874,2.1748585963240776,0.5057583505483394,2.0255460795087195,0.16449113162813686,0.1738249209266219,0.17785703885903772,0.20969775275020502,0.20974900769354587
1.1258886982523149,4.1536372908108605,2.4063272501065636,1.613042196085766,2.0172920732292705,2.144183153130006,0.5147233456731032,2.0578903798563446,0.1649412856887083,0.1741324635700032,0.17803500990395385,0.20969882050338506,0.20975044925313308
1.133049358923611,4.06447821427544,2.3401171504799003,1.5722360818280472,1.9866589407737218,2.1138955338990755,0.5219280383797983,2.091271935897803,0.16531245548043844,0.17440329215181793,0.1781983362395119,0.20969992892449735,0.2097516326426581
1.1406404198032407,4.001971465719175,2.288073775751963,1.5365770405439423,1.9510351407340805,2.081634857049995,0.5252952834911924,2.126748668382804,0.16557048434239072,0.1746153097522963,0.1783420964102884,0.2097012481745533,0.2097529079636122
1.1480119939699074,3.963822293219646,2.2528942065264332,1.5083619584406116,1.9128581799513225,2.0492782951546817,0.5249626871045688,2.1611640931039737,0.16572631716721783,0.1747565770338223,0.17845492927200354,0.20970265531353163,0.20975432197557808
1.1551360514467592,3.941875801582853,2.2317173400964574,1.48739010963735,1.8739050575711522,2.016580824031724,0.5218480622382191,2.1942327258332366,0.16581485746060232,0.17483978370046604,0.17853813179883418,0.20970408032225732,0.2097558082826792
1.1627781305092593,3.929452531494667,2.221028877592337,1.4719414519326457,1.8318341422482962,1.9799216498517498,0.5160430374042312,2.229279170516946,0.16586407738336315,0.17487965287568605,0.17859923121816346,0.20970561554016598,0.20975748041268882
1.169817502662037,3.9223417199688893,2.218749121887951,1.463260708342066,1.7946625533773277,1.9451500669713326,0.5093433908335805,2.260957820069499,0.1658898453385428,0.17488434097733868,0.1786330443403451,0.20970697629493185,0.2097590953162155
1.1770807487962962,3.9030079581937036,2.212002445658952,1.4547167332393351,1.7610155406474053,1.910025055371748,0.5045272202952346,2.2929633064381365,0.16596453115807275,0.1749054063835344,0.1786643884149094,0.20970819427075896,0.20976089572510911
1.1848239537847223,3.871149846239887,2.199010503092763,1.445521071846977,1.7313925204943554,1.8747087693376159,0.5020895640543585,2.326244891973178,0.1660922080641031,0.1749532185435254,0.17869860960542455,0.20970925177550706,0.2097626494032006
1.192104273738426,3.8340977029278296,2.181984863642283,1.4363259636377108,1.7090252265096493,1.8442014444363968,0.5018808870869066,2.3567053276405407,0.16624228824415999,0.17501939496258537,0.1787342905376861,0.2097100541516392,0.2097641084269601
1.1990681815393518,3.7942308078324,2.161778658442748,1.4264131506289208,1.6916288290399417,1.8177331281505344,0.5032075719087958,2.3850900210239114,0.16640421232140987,0.17509956861529033,0.17877376198782183,0.20971068812005833,0.20976536618056743
1.2071666172222222,3.7441974280458696,2.134214059558367,1.413114515848398,1.6750226003352675,1.7902685531420035,0.5062834994193306,2.417214644572842,0.16660744467789793,0.17520996729707586,0.17882733842291504,0.2097113057611142,0.20976669191809869
1.2144085608912036,3.7102771600587072,2.11321330917618,1.4025028139066598,1.6614839666124117,1.768009815192512,0.5082435096955106,2.4449751981186436,0.16675045911136765,0.17529738764585487,0.17887267228550355,0.2097118244578102,0.20976761975532937
1.2216217017013888,3.703803521397667,2.106286455452077,1.397283535269379,1.6464058059245887,1.7465503759316658,0.5060682442590355,2.47125584575834,0.16678014694309096,0.17532787026698,0.1788987002990599,0.2097124460002348,0.2097684124775086
1.228661866886574,3.7155969724852027,2.1111793152578215,1.3964801804038347,1.629586458106624,1.725648220751396,0.5006666369097525,2.495428315372076,0.1667334916306932,0.1753083783842321,0.1789064065749338,0.20971315021060732,0.20976930512718184
1.2359146855555556,3.7403004058950033,2.1271104818745816,1.4005964367520725,1.6110058715349427,1.7037633469198972,0.49267199346107626,2.5186172619207063,0.16663349533892807,0.1752426819798551,0.1788937525445465,0.2097139245575756,0.20977031656655568
1.2430062522222223,3.7723614216270835,2.1520146965582385,1.4100182486938244,1.5932049772731265,1.6820213581844283,0.4834006920467272,2.5393996431471817,0.16650344636600048,0.17514000153850504,0.178859542761129,0.20971467008761835,0.20977133762382555
1.2499999988425925,3.8084400373179843,2.183972669946599,1.4246475263624145,1.5775124136940692,1.6605768345067853,0.4736811945817792,2.5578435495191503,0.1663572571465576,0.1750086182480364,0.17880463212684777,0.2097153425019583,0.209772336009243
1.2572926710069445,3.848106661455861,2.214700178763588,1.440636826208844,1.5649901744168946,1.6393398956277272,0.466114598302096,2.5752314561645893,0.1661959113560686,0.17487884133257728,0.17874158661558584,0.20971589402874352,0.2097735258831846
1.2651929322800926,3.8944590128609926,2.2399398563235997,1.4546257324338447,1.5566702226414246,1.619048807793916,0.46329949872284926,2.5925498378201204,0.16600932130320625,0.1747727063936721,0.17868486034024147,0.20971623856358076,0.20977471600857203
1.2733574042939815,3.9453518432574475,2.2616795550019715,1.4664299503694114,1.5532064878606313,1.6016455789501078,0.4652443064163398,2.608956451585731,0.16580561661047893,0.17468352906317333,0.1786379978000132,0.20971637477708685,0.20977564816418323
1.2803880303125,3.990465966279091,2.2780947524336392,1.4744882958448526,1.5533677516601996,1.5896433241417323,0.4699844877103939,2.6220475948459887,0.16562491885746178,0.17461754634975246,0.1786071965351006,0.20971637598329376,0.20977626968187288
1.288521976412037,4.043231808816636,2.2950770521294657,1.4814713906789463,1.5558561299179596,1.5789174029529638,0.4780954456292318,2.6362305556332046,0.16541285187650473,0.1745500926166397,0.17858161551177076,0.20971629972952538,0.20977684700983248
1.295553984398148,4.108818553741113,2.31485707410125,1.48862375755868,1.5589586563732816,1.5719160101707321,0.4855188725640808,2.6474307808088295,0.1651606723854987,0.17447582173361043,0.1785579634657949,0.20971620914353226,0.2097771020874979
1.303040449675926,4.29339978487182,2.379153634869455,1.5131628450009527,1.5623529946106476,1.5658705753116495,0.48706178651220317,2.6559747735713737,0.16442755471389459,0.17422659567497653,0.17847289309800246,0.20971622473113227,0.20977691493398462
1.3106508017939815,4.5872052726352255,2.50134315820851,1.5602687871461904,1.5677018727990675,1.560769497565837,0.4828206120575699,2.660593457540041,0.16323369601184626,0.1737406895333864,0.1783001626216718,0.20971629332278846,0.2097769251881452
1.3178601410532407,4.941830707037711,2.6747405476051735,1.632023948735054,1.5796239377888934,1.5575702488529983,0.47600325431927315,2.6609764811620495,0.161769230105324,0.17304609308456254,0.17802880162860207,0.2097161567723251,0.20977705143424355
1.3250039709722221,5.349758141510351,2.9026402569797334,1.735945881295665,1.6053282075832915,1.5582754021401104,0.4691679021597379,2.6573228003003764,0.16006210781263752,0.17213340066398614,0.17763087353887566,0.20971552976487828,0.20977706453611167
1.3319905077662038,5.790190064159772,3.177009738304561,1.8740571876868155,1.6513499693636229,1.5665471601438998,0.46449046841513936,2.649738241103631,0.1582037290304208,0.1710402334244004,0.17710010405567553,0.20971415463507512,0.20977675364316709
1.338955901898148,6.210468995867713,3.476338595788919,2.0402144084394234,1.722110069913863,1.5864357751691431,0.46491213840429285,2.639256350382176,0.15639803075697456,0.1698502082161284,0.1764566890573667,0.20971183804086738,0.20977618012846425
1.3461152631712963,6.541720332092191,3.7569103238651858,2.2155490170473797,1.815908757019732,1.6208777352778205,0.47373232916913166,2.6278831240767317,0.15497940322465545,0.16875041220314585,0.17577702779187016,0.20970854436981756,0.20977516143387448
1.3533171806597222,6.806343857028885,4.002828434001517,2.3874742119694927,1.9265536633724685,1.6706389434362596,0.48958227493996576,2.6163789107612616,0.1538553593852483,0.16780993310465092,0.17511612850695962,0.20970453120446791,0.20977329173489298
1.3611363643171297,7.044423053234812,4.230147227845858,2.560782214504087,2.0577933717739594,1.7406053142497862,0.512688917020912,2.6043911572843115,0.1528502492250085,0.16696663154297084,0.17445748828105748,0.20969974466982513,0.209770448346818
1.3684670447569445,7.238560825701036,4.411841813103525,2.706666486252892,2.1844947712688074,1.8185570436162832,0.538244544870732,2.5940915137374496,0.1520343906093123,0.16631436691669668,0.1739093283849973,0.20969514586878996,0.20976722770452733
1.3754428042013889,7.407064591182684,4.562770470193046,2.830045144078473,2.3034988081782695,1.9007455492227168,0.5648607129497292,2.585442048002954,0.15132881587349709,0.1657889101052225,0.17345035595522368,0.20969085599587226,0.20976383091250497
1.3823906593518518,7.562580835847967,4.697498869309233,2.9395999338485175,2.4176172886500042,1.9875488869902223,0.5926613438720175,2.57809153277954,0.15067883751356784,0.16533328648099832,0.1730467946775171,0.20968677134747285,0.2097602425718224
1.3897498126157408,7.716773649050568,4.827257302409969,3.043353408802782,2.531946127609745,2.082121398311028,0.6226826853144652,2.571758848341833,0.15003694500720077,0.16490657803708791,0.17266812651662766,0.20968270956685425,0.2097563403811078
1.3976103764583334,7.873625199998323,4.954465691704697,3.1423968581353323,2.6456054833833815,2.1833721399135726,0.6546156595913315,2.5666780396154145,0.14938679330942528,0.16450028581225434,0.17230997919163074,0.20967870063390082,0.20975217370874982
1.4053400127430555,8.02256876548649,5.070971149777326,3.230105365605622,2.7486728769500193,2.2810087309422578,0.685179328365464,2.5633310013081347,0.14877232505369486,0.1641389909712526,0.17199574894771377,0.20967508960887615,0.20974816175673372
1.4133578655324075,8.173133080061417,5.185214318564213,3.3130222520962613,2.8469053201738674,2.378669624278396,0.7153661018925681,2.5614772321495907,0.14815432980012425,0.16379500754732507,0.17170145700651496,0.20967166987291092,0.2097441514087303
1.4205038108101853,8.298311205053206,5.282071733099949,3.381159367219544,2.9275822353349983,2.461723912032047,0.740568260618978,2.561110387470579,0.14763724086960534,0.1635107032837242,0.17146154751838863,0.20966887702334475,0.2097407477090776
1.427483866412037,8.385544000140452,5.366332647091421,3.4415450562781014,3.0002822011338877,2.538500845243334,0.7635077014784915,2.5618831412903806,0.14727411901766818,0.16326693108974016,0.17125011430526582,0.20966636887256257,0.2097376164355391
1.435093647488426,8.448736557031497,5.441358309504751,3.4992852399651144,3.072834073900687,2.617074437749785,0.7864222575012914,2.563878626029767,0.14701107672976144,0.16305264777924283,0.17104891070535969,0.20966387327116084,0.20973440330969192
1.442199708125,8.486663711357052,5.494629775973603,3.544354539245065,3.1340939994812542,2.6854821899717596,0.8057266448483982,2.566705127484538,0.14685200519879305,0.16290148181647846,0.17089225950707201,0.20966177201139058,0.20973159683359757
1.4501965246759259,8.512369925985375,5.536475481098912,3.583961970637169,3.1950442881975922,2.7565010873277678,0.8250122532048286,2.5708489828455474,0.14674216201597623,0.16278221681224317,0.17075447424265652,0.20965968510291555,0.20972867517718238
1.4572058933333334,8.524292445327761,5.559315954785387,3.6089124851943666,3.24109885751403,2.8133016411407037,0.8398581013014553,2.5751931338659206,0.14668897030525407,0.1627155917227614,0.17066710354049922,0.20965810805696755,0.20972633083365325
1.4645218734490741,8.527113588032954,5.563995885464227,3.620228404269871,3.2803308010991703,2.865743145863497,0.8541874469659525,2.5805457622544625,0.14667158476217174,0.16269283698557485,0.17062260310965083,0.20965674673198958,0.20972424520493893
1.4719193540046296,8.518731370100534,5.541523035897277,3.608867134363504,3.3078986497138034,2.909590324349537,0.8688810905635216,2.587104495976412,0.14670027862000956,0.1627426075840807,0.17065366242098645,0.2096557413536713,0.2097225487452812
1.479760133611111,8.49792375273998,5.4940627349907984,3.5750395147233403,3.323442591448533,2.946000378722357,0.8845763750871688,2.595239346594472,0.14677842045270317,0.16286151530075177,0.1707612884541161,0.2096551094924672,0.2097210711653616
1.4879857014583333,8.46272534302163,5.422323795902716,3.5187784259122346,3.324982263033971,2.9731469313323395,0.9008668930875263,2.6050520123429073,0.14691306538927817,0.16305039039349165,0.1709467759456767,0.20965492873012612,0.20971990811107194
1.4950309759027778,8.421432479220963,5.345161287264167,3.456040551418828,3.3149556841398753,2.987583523955978,0.9144156027698518,2.614510508884473,0.14707238597373568,0.16326103084440363,0.17115772244447328,0.2096551481961562,0.20971924844090004
1.5021228990625,8.371814585868107,5.256067260512312,3.3823911885323192,3.295278895582008,2.994403614122034,0.9272572622224593,2.6249970383632983,0.1472691303786815,0.16351492624201866,0.17141062849989278,0.20965568838466575,0.20971886455571825
1.5091069113310185,8.351177053314608,5.186293054092615,3.3183701331252413,3.2691219100156697,2.996380850020832,0.9354800836603919,2.6355567479518123,0.147358146288879,0.16372776853999843,0.17163773989942407,0.20965648089471228,0.2097184150931944
1.516816784849537,8.365332260801084,5.139275367333264,3.2637313980198495,3.2351232891224058,2.9934596334610273,0.9382099827893853,2.6472089938501604,0.14730382382965768,0.16387532073617037,0.17183347026978807,0.2096575716899288,0.2097181936998732
1.5237681135995371,8.402817909642952,5.122248508638597,3.2290795197827253,3.202240331023567,2.9860260742828526,0.9355662915378041,2.65770768265549,0.14715428536662312,0.16393174504788188,0.17195813401533097,0.2096586448871843,0.2097183011628196
1.5311290276041667,8.46107294077466,5.128174932267582,3.2079674488599004,3.1683209988059846,2.973752461192961,0.9283347626742453,2.6687850526762382,0.14692162184315216,0.16391842491476089,0.17203456321821747,0.2096597579083101,0.20971864348888258
1.5393154894097223,8.541716115548429,5.160046464249792,3.203111262798004,3.1354434621715224,2.956309520072515,0.9159186157629791,2.680989410002794,0.14660018569324057,0.16382709660061037,0.17205312513110974,0.20966084196385457,0.20971919033560735
1.546656437048611,8.608175148760921,5.201445414319932,3.2110526758227054,3.1127111891871913,2.9388236159588663,0.9023870398989196,2.691885702816205,0.14632506169536696,0.16370264038110038,0.17202364760091143,0.2096615913177113,0.20971981945713986
1.5541170140625,8.625903624105915,5.230840683391751,3.2183269118946165,3.095853975148472,2.920329447295949,0.8891603337150733,2.703271413771457,0.14624432841627938,0.1636106543628928,0.17199475242632697,0.20966212387992095,0.20972057463661184
1.5618473664467594,8.603233527652161,5.24166291274594,3.221724552202601,3.0837395492164066,2.90196568314875,0.8761293142502189,2.715388237620064,0.14632788140462927,0.16357323516701272,0.1719797212785789,0.20966248507092836,0.2097212580610967
1.5694759058912038,8.551830795691014,5.231355960782928,3.218121010490113,3.075102336254095,2.8854640823991273,0.8637424660429449,2.7276444918196163,0.14652759202871346,0.1635979434793998,0.17198979940259823,0.2096627299167605,0.2097218244714839
1.5766553654976851,8.484819594225643,5.203507355843938,3.2066807759577842,3.067896674255201,2.871492599886325,0.8523730591776993,2.7394435424551995,0.14679104320682904,0.16367510469340757,0.17202792473078127,0.20966293067070763,0.2097222860898729
1.5836255102199075,8.407423482134828,5.161448897559302,3.1874390669042705,3.0600724123054053,2.859059312905408,0.8415492788451304,2.7511397248555105,0.14709755491806475,0.16379594070698847,0.17209396420500414,0.2096631535063971,0.2097226924956424
1.5910128897800926,8.32537153252012,5.110352810738492,3.1628664010490035,3.049976181623454,2.846978251090573,0.8292266562568011,2.7636065569529564,0.14742828603049635,0.16394956984140308,0.1721810777817941,0.2096634572937263,0.2097230118288398
1.5984931456597222,8.249644385106485,5.0591315316993395,3.1372086136215707,3.03760201647323,2.835508114823346,0.8151925178752243,2.7761258052888285,0.14773333914220754,0.16410572384070046,0.17227226345389884,0.20966384948670916,0.20972330612511228
1.6056848121296297,8.182125087794196,5.011189094415275,3.1119411822058374,3.023472816398774,2.824530233820777,0.800640271651673,2.788022489754305,0.1480057403649914,0.16425365800069647,0.1723619907678182,0.2096643046281095,0.20972362886579266
1.6127798827199074,8.119280516191251,4.965696123516779,3.086911895472903,3.0076162022059916,2.813288482671332,0.7856752868519695,2.799574065906776,0.14825983853224584,0.16439573461469553,0.17245092299940673,0.20966481758879,0.20972398525147645
1.6199194688657408,8.058769979734112,4.921925158909589,3.0620436164570135,2.990138823806737,2.8012972112325385,0.7703410586609343,2.8109544488503677,0.1485050421752101,0.16453402847084536,0.17253945059325482,0.2096653845535722,0.209724378160451
1.6271250021064816,7.999838516099631,4.879975244600176,3.0376981686193942,2.9713770731498808,2.788395199565669,0.7547984795660919,2.822124312984512,0.1487446582106869,0.1646683518781692,0.17262651768886433,0.20966599525653143,0.2097248044806599
1.6347600866319445,7.941927235914207,4.841510908103476,3.0153106007664343,2.9509277140931376,2.774039108624841,0.7378471431310747,2.8334290473480483,0.14898112686806175,0.1647937130119287,0.17270735922362598,0.20966666791054006,0.20972524709369555
1.6424794029976852,7.88740399099134,4.808870941702704,2.9967606023834237,2.9303540557908963,2.7588966747563606,0.7203106502685279,2.844176820715249,0.14920374028790429,0.16490062157934668,0.17277437622636102,0.209667351762167,0.20972572842867895
1.6508636847569444,7.831084531244158,4.779056753434059,2.98084503937039,2.908841356458808,2.7419027513486673,0.7012266463222969,2.8549683695882377,0.14943392320897772,0.1649985734871341,0.1728317319549964,0.20966807046837443,0.2097262886143736
1.6598522528935185,7.772602148855654,4.752029979455004,2.9681039933553706,2.887513300694961,2.7234365190754666,0.6811767267564421,2.865393256850645,0.14967333429385546,0.16508754742142343,0.17287745122697387,0.20966878546069762,0.20972690507813305
1.6668266678356483,7.727877143831968,4.733600117551526,2.9608162730569556,2.8725634941355254,2.7092574401930727,0.6661652677376891,2.8725873642883224,0.14985674317611394,0.16514828501867887,0.17290344468997296,0.2096692882081703,0.2097273778516042
1.674070237789352,7.690473223581041,4.718045864051546,2.9561068235340593,2.858765582093886,2.695030733879305,0.6510425663886805,2.8791202674760212,0.15001431846784347,0.1652005676005391,0.17292043835189055,0.2096697553040799,0.209727832473189
1.6820659857060185,7.665236986876385,4.707955442229417,2.954924024139531,2.8458932730581927,2.680272792913036,0.6349223655807938,2.8851009690779383,0.15012075741970893,0.1652350411148721,0.1729246406594668,0.2096701967267064,0.2097282947997389
1.6906010418055555,7.651346566959515,4.706018708785505,2.9584161967643183,2.8352238909906924,2.6659571710317853,0.6186928685950565,2.889985737260875,0.15017965035018424,0.16524228851970016,0.17291181156293844,0.20967056774063403,0.20972874199405775
1.6983975923495371,7.6466651443142135,4.711780869223069,2.9660690598729444,2.828632124988326,2.6545291156756967,0.6049915212268048,2.89304409210407,0.15020000264786168,0.16522358928599756,0.17288387498605573,0.20967080205583694,0.2097290898535054
1.7078296375925925,7.647692457542,4.726984747017029,2.9809701590720925,2.8251552501563215,2.6433193616690156,0.5900788927920726,2.894917634684141,0.15019667590782684,0.1651733233449214,0.17282962124157644,0.2096709356975751,0.20972940908178234
1.71532850375,7.625142376898229,4.737687324901349,2.9937274686236086,2.825675989927316,2.636506446259899,0.5802817264005956,2.89519142624104,0.15027740573173393,0.1651340945992675,0.1727816167986843,0.20967092608047108,0.2097296387066033
1.722362404548611,7.560040000224978,4.733746150214376,3.001502603659123,2.8276966561022725,2.6316176859704226,0.5734014731460002,2.8947849109080046,0.15053828839674627,0.1651421971235067,0.1727513143876655,0.20967085277142455,0.2097298113548257
1.7293254545949075,7.465626576825259,4.713222278134634,3.003529421568981,2.8301280844336207,2.6281750847445173,0.5684375493359318,2.893820916820643,0.15092351255229414,0.16520546670940056,0.17274180840113068,0.20967075958091236,0.209729897192367
1.7369346233449074,7.338495919340876,4.671531640474762,2.9973897348485963,2.831702769863114,2.6256311941461754,0.5647050442548682,2.892210649398798,0.15144674253958407,0.1653400356565774,0.17276164278203382,0.2096706916565012,0.20972992420314623
1.7439847826041666,7.20515335587986,4.616449654689554,2.9828562181309404,2.8306091249753527,2.623789562294086,0.5624973970456965,2.8902660656812107,0.15199881215222524,0.1655224286970881,0.17281209021849633,0.20967071323064376,0.2097299243541922
1.7509675249189816,7.063263239618287,4.548401052307527,2.9597469393351337,2.8258231306673838,2.621688249274516,0.5612609571205556,2.887964674614335,0.1525900576747337,0.1657522858067301,0.17289364773128352,0.2096708578209727,0.2097299379219464
1.7582431883912037,6.93357720837227,4.460507047078901,2.921516211616783,2.815184494620061,2.6176858889420447,0.5619529358541371,2.885670213954997,0.15314043432573082,0.16605440435705457,0.17302858072066465,0.20967118554830788,0.2097301335875833
1.7659409860532407,6.82513998482802,4.357498148729026,2.86581374997397,2.796342712387109,2.610292452366472,0.5650491819519857,2.883723104191833,0.1536002442211109,0.16641941025163223,0.17322857016771603,0.20967176882069716,0.2097304610459931
1.7736886684722222,6.735411179723035,4.2525953845541995,2.799210946886001,2.7696699978614983,2.5990219065812217,0.569768276383517,2.882351028367105,0.15398032846822926,0.16680023334804245,0.1734710221476316,0.20967261210254678,0.20973089562610375
1.7819096038541666,6.652966107988679,4.144309414081593,2.7219111362922606,2.733865940148199,2.582514660558853,0.5755888890612164,2.8816583605280868,0.15432888195638073,0.16720105667972562,0.17375535934758576,0.20967376631616896,0.20973152118606675
1.7891122381712963,6.586752719002991,4.0530977155050865,2.6515893309394465,2.6973234994495026,2.564189087545448,0.5807345876599248,2.8818061308682927,0.15460825306674503,0.16754369119817664,0.17401602040894565,0.20967496065246619,0.20973222926840238
1.7961335269907408,6.531428501238793,3.9709003270364094,2.5843954611973863,2.6581874405979615,2.543207237045511,0.5848576758139558,2.882541174505368,0.15484655946573414,0.16785829907290578,0.17426786996714919,0.2096762542213472,0.20973300063415223
1.8039103763310185,6.502088469648127,3.9012830935353175,2.520278558569446,2.6121836580483664,2.517091637511187,0.5859812158873791,2.8833360078919172,0.15497651526445325,0.168128864590972,0.17451090546789189,0.2096778101948107,0.20973387974318236
1.8112314351967593,6.498484741941148,3.855584674603332,2.4703296235871486,2.5678024804444806,2.4897955517012513,0.5838514145925071,2.884062906082325,0.1549952703961644,0.168307372755565,0.17470091332627657,0.20967933305396835,0.20973489463191614
1.818242364525463,6.5108310991250296,3.827875427230328,2.432077634770451,2.525922293085834,2.461515455495819,0.5794459184672461,2.8847819289937147,0.15494547705236217,0.16841606597576603,0.17484665113988707,0.20968077806127028,0.20973601084847374
1.8260224504861111,6.53760755565404,3.8128461875859725,2.400383129907439,2.482032566989194,2.4284195859237747,0.5725346427129617,2.8856424641132556,0.1548343769021869,0.168475550867628,0.17496765766241182,0.2096822980050739,0.20973735140414168
1.8333332988425926,6.5718357471260305,3.8111611770401863,2.380228072782184,2.4447133971057484,2.3965935279932817,0.5647184907876481,2.886538369467405,0.15469140970838496,0.16848303560336184,0.1750448792297267,0.20968359552905944,0.20973865569084488
1.840705762789352,6.622406083203827,3.824688213408131,2.371210027032348,2.4119487821578547,2.3648247993816773,0.5552491390338673,2.8872788325009906,0.15448388084124293,0.16843379998247224,0.17508123460433367,0.20968474533526904,0.2097399014304604
1.8485786186805555,6.6987865358471455,3.859157631682608,2.3758008481177755,2.3835492999598804,2.332304344894373,0.543239043219016,2.8876043943017686,0.15416635863757294,0.16830363849980962,0.17506630373784626,0.20968576373281766,0.20974117363228634
1.855919821435185,6.785215533433839,3.9074620762671297,2.392218721962184,2.364227511104187,2.3042343354082333,0.5311206897709195,2.8874740553669542,0.1538057845574932,0.1681201945796631,0.17500604895315658,0.20968647318368855,0.20974230975441532
1.8630357875462964,6.879263031177993,3.9670625231246213,2.41852073577857,2.3529748458664486,2.280056023471303,0.5192439370093982,2.886936949861641,0.15341342448574363,0.16789442769181034,0.1749081047769451,0.20968690380827965,0.2097433083433853
1.8707612671643519,6.989834809271677,4.043790403868975,2.4576940177397413,2.349825640613391,2.258274690093894,0.5068557909489141,2.885877576063659,0.15295262306246088,0.1676057376083211,0.1747616491402289,0.20968705755727138,0.20974421819082223
1.8779760030092592,7.09463725191219,4.12209448201923,2.5017307487961937,2.3556089909406297,2.242994840931955,0.49659244739789826,2.8845472869481172,0.15251153656153763,0.16731110819760958,0.17459545323072173,0.2096868961095752,0.20974490349333255
1.8852836339583334,7.167199364451587,4.182453321301208,2.539028969592722,2.3676108162899374,2.232269697362925,0.4907129568052012,2.8839774274835746,0.15220199133353018,0.167081431365122,0.17445145361070813,0.20968648317645552,0.20974560230025224
1.8928858988773147,7.209969328434215,4.220907973563462,2.566366637024151,2.3838175101616135,2.2259511350188452,0.4892985506581236,2.8845004069820046,0.1520206396668952,0.16693554312816464,0.17434522800479219,0.2096858895165671,0.20974605423240195
1.9003672490740742,7.228701369279831,4.23682879823772,2.581271620255746,2.4009993722194056,2.223940991086129,0.4914762943205892,2.886162894360612,0.15194061463446235,0.16687425629021083,0.17428676170736074,0.20968525368508115,0.20974624133916417
1.9076216330787037,7.230561448085231,4.234073232527244,2.584212365109364,2.4165779742673545,2.225003736517659,0.49600415892116306,2.8889094585363844,0.15193089569940946,0.16688228339468994,0.17427388443975206,0.20968467637394225,0.20974626966744545
1.9163687228472222,7.216705365101124,4.210635232859818,2.5734597246787154,2.431575694743723,2.2286492654039267,0.5035812888665299,2.8937708480903463,0.15198598156599807,0.16696652931430922,0.17431243281825856,0.20968411537178006,0.2097462055840237
1.9234675854745371,7.213603543063896,4.1957464488379905,2.564343490074781,2.4406838453403683,2.2334910266643795,0.5085035273371197,2.8982202127907337,0.15200633236187489,0.1670289484308561,0.17435051589313263,0.20968378901867712,0.209745871244212
1.9311756056712963,7.238861134822858,4.206272762673875,2.567827324942502,2.4490779712851407,2.2410079278479387,0.5093499753913304,2.9024749632376365,0.15190572993314977,0.16699677783859684,0.17434251984744437,0.2096835379411279,0.2097453601851843
1.9383792280439816,7.281717409337829,4.237287050018768,2.5829968588809673,2.45636649107015,2.2491212068296442,0.5067884692530635,2.905930220444135,0.1517294958031214,0.16688673361319512,0.17428914557507544,0.2096833391986585,0.20974497412158233
1.9455233952199074,7.336918881844923,4.285298214766658,2.609520886097206,2.4650246914183307,2.2578178461892495,0.5021427220261308,2.9088328479443315,0.15150128905161292,0.16671413449409386,0.17419229282122514,0.20968309244271505,0.20974463390126466
1.953689551412037,7.410037622908374,4.3574814528202515,2.6535099250920475,2.479447175888664,2.268902788394525,0.4955284951943415,2.9114196503490093,0.15119882592992098,0.16645570036133958,0.17403013177536475,0.20968265169391118,0.2097442165929375
1.9607781714699075,7.466979486407538,4.429046128614697,2.701118703154241,2.4976420451604078,2.2801326023578694,0.4898633879404143,2.9130180102103194,0.1509475289171351,0.16619842950032956,0.1738526238911829,0.20968207006000902,0.20974381817674756
1.967867794525463,7.392729355319697,4.465324449541967,2.736968925596889,2.5185878037261387,2.2915263059135036,0.48842660875443616,2.915179845758856,0.1512216678447879,0.16605610864608228,0.17371368331674825,0.2096813492717584,0.20974367656291984
1.974854241539352,7.19924082036512,4.445582783798051,2.7523712454813967,2.5387779269532005,2.3028081525160458,0.4914331791512558,2.9181354725248747,0.15201210492788128,0.16611187529868876,0.1736503882680892,0.209680609763775,0.20974345037329034
1.9828634180555555,6.878435798867152,4.35435445316995,2.7410055243579685,2.557496496212572,2.3155412300130114,0.49887985643593763,2.922424899046418,0.1533513559860154,0.16642463267523458,0.1736862029659833,0.20967989672250698,0.20974305270447774
1.9910546635416666,6.478909958101112,4.194492197077492,2.6948132759740404,2.5669463465965823,2.3270255481046025,0.5093911521420046,2.92764717054525,0.1550410281504439,0.16700005565311726,0.17385231783575672,0.20967949991788434,0.2097426382084149
1.998472724212963,6.0778121052291985,4.00399527668897,2.6241385455003408,2.563775462391726,2.3344614240419626,0.5203438906546599,2.9329146363502034,0.15675159903536803,0.1677115869746302,0.17411189312690462,0.20967954587180118,0.20974236978284808
2.005721751134259,5.693400694632894,3.7908114085122113,2.5334200957077924,2.5484831984484853,2.337781513873839,0.5312702370645016,2.938237130759295,0.15841497634420681,0.16853278407936687,0.1744497585385841,0.20968001458132285,0.20974223453104784
2.013361124583333,5.357575484276738,3.5615091053506123,2.422682533878262,2.5191812199398447,2.3361595726027002,0.5416739815934194,2.9435080856708518,0.1598682684183153,0.1694358782703752,0.174866561060179,0.20968097583099252,0.20974227475995896
2.0211132766550928,5.070940659969195,3.3393073008762597,2.3013420264311306,2.476543054509689,2.3280583196628957,0.55076092628806,2.948228944424152,0.16110016153740064,0.17032241022726213,0.17532705458850184,0.20968240604084537,0.20974261559408722
2.0282324579861113,4.842399291707404,3.150635445839712,2.187830198026633,2.4278858400892576,2.3144654365479864,0.5577422842478116,2.9518223456007515,0.16207412105960659,0.17108072313323008,0.17576077581372201,0.20968405510140622,0.20974320369725644
2.0363145967013887,4.612177054257167,2.9560626231281417,2.061845926775044,2.3646345185498268,2.292050169166874,0.5642009337555629,2.9549165920735856,0.16304581669949197,0.1718662535405554,0.17624506944506654,0.2096862156704938,0.20974417273692347
2.043273150625,4.432668541763204,2.8045602020679907,1.9587224630378208,2.3058368582021265,2.267353202601987,0.5686962084486679,2.9567053845970803,0.16379628929330103,0.17247969175642314,0.17664373210798925,0.20968823761957708,0.20974523383800708
2.0507295857291665,4.257248486714851,2.6613007717350854,1.8577208712107032,2.239590372505591,2.2361116563492187,0.5711996331224661,2.9571566312998674,0.16452356274818877,0.17306139967939696,0.17703703790829461,0.20969053796372145,0.20974647443296585
2.0585830094675925,4.0875973657437985,2.5291261004059393,1.762325093455101,2.1673815996596484,2.198275483572085,0.5712216699354645,2.95569069465308,0.16522035377611283,0.1735972259512581,0.1774100564604678,0.20969307273010637,0.20974801369394558
2.066465552662037,3.92927153469322,2.411808313284049,1.6768410046321198,2.0940041780387286,2.155757143605858,0.5694649718073764,2.952229236999631,0.16586585010848992,0.17407137799577332,0.17774476421147545,0.2096956623845068,0.20974980569913754
2.0742614174305554,3.7818180999033983,2.3080656649160076,1.601543671097678,2.022174677743195,2.1100185646973197,0.5667623995046368,2.9469140659229427,0.16646386319779016,0.17448943356263324,0.17803966921110886,0.20969820597295227,0.20975176153912217
2.0817580592708333,3.64668543244647,2.217677130078811,1.5369433888847288,1.9550214061788898,2.063440481118472,0.5637652522929598,2.940139410573522,0.16700991487007835,0.17485276266434585,0.17829269014341848,0.20970059123095378,0.20975376282383948
2.0891366765277777,3.5244912099011745,2.1362543246916235,1.4799729014562613,1.891570502602096,2.0159480689085445,0.5607209937648621,2.932015406400606,0.16750430611265935,0.17517947944611517,0.1785158593351212,0.20970285184655302,0.2097558076714269
2.0970204055208335,3.415558991294144,2.058043162022491,1.425574628235225,1.8272482763725528,1.964271362707879,0.5575346891035979,2.9219149287701423,0.16794395461227207,0.1754929528480767,0.17872906217087764,0.20970515108032012,0.2097580380053413
2.104220902962963,3.330571965702325,1.9948063839198278,1.3812838585426588,1.7719759307137426,1.9169391975580297,0.5547751577275137,2.9115893038806515,0.16828629447235555,0.17574612080284366,0.17890281629034466,0.20970713360071874,0.2097600883196184
2.111834985046296,3.251397534138895,1.935812232705332,1.3396477951861177,1.7173704277307975,1.8674039753408955,0.5520616794503723,2.899730228784119,0.16860478356379843,0.17598201627383925,0.17906637835829325,0.209709099280414,0.2097622438983199
2.1198422622569444,3.1765884847150496,1.8813502467713255,1.3011294334664039,1.6643386787006271,1.8165054036268096,0.5494583763225636,2.8864463998651164,0.16890538479070644,0.1761994753847534,0.17921796844137897,0.2097110162765259,0.20976447180767466
2.1269925262962963,3.114900800647561,1.8381264519824332,1.2707801791633597,1.6208295299808777,1.772546316978607,0.5473929306148252,2.874095714874727,0.1691529004807445,0.1763717183911677,0.17933761283284516,0.2097125963185476,0.20976641235894067
2.1346718849189816,3.0498691079037057,1.794772239578572,1.2412279619142599,1.5785305085296435,1.7275210340358973,0.5461313811050782,2.8609053186821347,0.16941359836532754,0.17654399685689537,0.1794539619463718,0.2097141359177807,0.20976845815125658
2.1418091555208334,2.989936065623612,1.7565097653272561,1.2161993251210563,1.5434065794864593,1.6881019384669211,0.5459637330072137,2.8490196021854035,0.1696542349801582,0.17669624149537944,0.17955269444314856,0.20971541596166568,0.20977026093636145
2.1494040934027776,2.926934031539212,1.7175701862743615,1.191797745305386,1.5102286917821726,1.648962345951232,0.5467020518770895,2.8369397268435423,0.16990738359516858,0.17685150466119634,0.17964945373386235,0.20971663156700687,0.2097720571183322
2.158189205752315,2.8551888340700335,1.6743416564220044,1.165859714756097,1.4766766147587949,1.607432920537929,0.5485668221242997,2.82389771399687,0.17019571795004684,0.17702416886577715,0.17975293413446847,0.20971787180507948,0.20977398499560823
2.1666666988425924,2.787192170381693,1.6341461919102156,1.1426547374515428,1.4485362641760868,1.5711366330607903,0.5512612214143093,2.8124376160373283,0.17046894014764158,0.17718491929781782,0.17984605712857538,0.20971892332559244,0.20977570171030827
2.1741614772222224,2.739493274362725,1.6039069061864222,1.1250248599705766,1.4254975847302054,1.541506298880977,0.5523795998663391,2.802290904753309,0.1706633632218676,0.17730757263342095,0.17991871510885382,0.20971980004166352,0.20977698910531903
2.18157268412037,2.7101107673034006,1.5819787784606487,1.1107852994339131,1.402502574083138,1.513570974007951,0.5505900838655079,2.791240671836195,0.1707820847760218,0.17739633686164075,0.1799790971809639,0.2097207089336055,0.20977819156620833
2.189425183900463,2.692052140677412,1.5662725299274625,1.098451886846435,1.3774054788906005,1.4849485055412026,0.5461747322904554,2.778523472450566,0.17085430543447547,0.17745881977879724,0.1800317423896928,0.20972171364136472,0.2097795113660366
2.197743634571759,2.6827954833135856,1.557273585987559,1.0887544167389067,1.3505832076834066,1.455356247523101,0.5394447074359734,2.7639938879513677,0.17089094656391157,0.17749349380009216,0.18007368698771328,0.20972279071095418,0.2097809250183775
2.205727131863426,2.6801017616081864,1.5549199967703067,1.0828884243781736,1.325577406506319,1.4275764404774405,0.5317064498322884,2.7490627315783094,0.17090158000208083,0.17750135993983288,0.18010030494191845,0.20972380206977037,0.2097822612738283
2.2129531497800925,2.682417513963356,1.5577102450013145,1.0806585782046547,1.3041205130243607,1.4029865690071712,0.5238408618331254,2.7345510119294842,0.1708932735491241,0.17748925745536898,0.1801127200243055,0.20972468189016166,0.2097834131731708
2.219964250763889,2.691537375887349,1.566039937572882,1.081870362366285,1.2843640710568662,1.3795151634145821,0.5149217618835824,2.7189765160881763,0.17085779263720796,0.17745539371598273,0.180112464211153,0.20972551866801015,0.209784462670957
2.227449717511574,2.705939473397383,1.5798010760806798,1.0863280305449448,1.2647571436733376,1.3549874870488616,0.5046256224501917,2.7006324942113125,0.17080112692694974,0.17739949766067994,0.18010011282573316,0.20972638223200513,0.20978558235672606
2.2353132207523148,2.72383581322334,1.5984543464251333,1.0942185892296252,1.2463552603047474,1.3300643420873646,0.4937906923099713,2.67937713028119,0.1707307951617853,0.1773238035527068,0.1800745478129513,0.2097272277845615,0.20978674025518207
2.242509781053241,2.741242583541736,1.618310965732489,1.104072736371106,1.2319924718296962,1.3083299855859474,0.4845633121947479,2.6580468441925302,0.17066274278828159,0.1772434625693882,0.18004085706334275,0.20972792396538456,0.20978775433318375
2.2499999988425925,2.7594169578170136,1.6408698442613738,1.116644119470694,1.2199230157026018,1.2871691631272735,0.4762759297378749,2.633827906147038,0.17059215328871957,0.17715251132777557,0.17999682678416046,0.20972855494722709,0.20978874102636097
2.257135730462963,2.7811111364385717,1.659006733162139,1.1278531125676656,1.211630456954521,1.2690683116584098,0.4718701874951453,2.610038646580917,0.1705077248737819,0.1770777405254698,0.17995598246312122,0.20972903016818,0.2097897608072822
2.2643458788425925,2.812401727171039,1.6735503435953414,1.1366109285504598,1.2063919057502663,1.2534130317521954,0.4723810977176077,2.5865818154803075,0.17038521873849885,0.17701822637656528,0.17992278692472474,0.20972932712777934,0.20979070392947735
2.272279895324074,2.8547885753768307,1.6892515498709497,1.1446667958013372,1.2037716151590478,1.2393037904360202,0.4777100418811827,2.56143570008859,0.17021922472017237,0.1769558327879247,0.17989286910742153,0.20972948318525483,0.2097914931969668
2.279452350717593,2.8976335601798944,1.704180126318,1.1510320750393677,1.2036025115247033,1.229206763094226,0.48587316411654885,2.539342607539419,0.1700509363901488,0.1768975942525145,0.17987044666852256,0.20972952691787825,0.20979204115854566
2.2879267490046296,2.9515152975870014,1.7228576475230166,1.1577705765194435,1.2052207918920816,1.2201250788503941,0.4985017191403775,2.514106999010132,0.16983843161617704,0.17682507587602697,0.17984779514571003,0.20972951018818162,0.20979255822886061
2.2951245961226854,3.0169220249542823,1.7410956803817248,1.1635851518328588,1.2075592204294723,1.2144205697494033,0.5107548769023551,2.4932741955960998,0.16958840017124907,0.17675511595347196,0.1798289009795107,0.20972946297052364,0.2097928809257217
2.302169419409722,3.198200324856522,1.7786598891987129,1.1734170740046657,1.2103914395788014,1.2101966587192845,0.5219887437353776,2.4721043482913876,0.16887265910819188,0.1766093716918971,0.17979632474048696,0.20972943602084976,0.20979301688884272
2.3097430335532407,3.506722587966433,1.8584850574892018,1.1929192074123849,1.2145370608098554,1.2068419792617182,0.5329049834204599,2.4482806056382245,0.16763849347098858,0.1762924216281068,0.17972693123629127,0.20972942333610006,0.20979318073995346
2.317492126550926,3.910661552110299,1.989719021922741,1.228519787821817,1.2219176400919456,1.2047281374441556,0.5430887509138073,2.4228107510851533,0.1660129297622839,0.17576659533410582,0.1795933597546298,0.20972931908709785,0.20979336248355943
2.324861001134259,4.3578835194038,2.161498166586633,1.2820768963748643,1.234908766874234,1.2045767124478624,0.552152651839522,2.397574418351964,0.16419794001661284,0.17507626152111436,0.17938734686345253,0.20972899657302124,0.20979347655807865
2.3319381939351853,4.8361989858400944,2.3678051510212135,1.3546553645594999,1.2559653006281686,1.207235689540539,0.5604983254920262,2.372380712646985,0.1622242361372992,0.17424739006307877,0.17910502111606436,0.20972835440872314,0.20979346373377009
2.3391649091666666,5.343833763612903,2.6194526885982894,1.4532768262902738,1.2893299966153307,1.2143771819518612,0.5684132534072316,2.345347252884058,0.16007693592472633,0.17323946093286355,0.17872026664396384,0.2097272416802246,0.20979320907252774
2.3463302845949072,5.820487949705176,2.9015005370699654,1.5782792481606958,1.337753798906602,1.2279624043230202,0.5750784513219865,2.3165944299712082,0.15803756094310556,0.17211354259622108,0.1782324895737634,0.2097255698925294,0.20979263897616662
2.3537818727430557,6.297058644104075,3.215504743318504,1.734649832038962,1.4071499045610194,1.2514354191986303,0.5809131142581824,2.2845110011641747,0.1559906027202772,0.17086847515083103,0.1776228470579757,0.20972311802988616,0.20979167254239212
2.3613716434143517,6.770941431643381,3.5493142406637928,1.9179123408896919,1.4996258234277247,1.2878446656052223,0.5859047771446629,2.2494204382662435,0.15395624683794204,0.16956112670849915,0.17691117021004482,0.20971979265503976,0.20979016513856716
2.3684184631597223,7.20594414726308,3.8690460575786796,2.106646740366239,1.6058587400899584,1.3351951337638,0.5898387180117098,2.214564726387017,0.15209638056498367,0.16833458277794125,0.17618351332435692,0.2097159362081402,0.20978818097781837
2.3753967584027778,7.635412099006882,4.194858302152159,2.3089610891936703,1.730323041573693,1.3966980609193167,0.5931644912835092,2.1778434985627215,0.15027225748806256,0.16712562850084428,0.17541097684556026,0.20971140594648668,0.2097855817440131
2.3828105520833334,8.032801131709878,4.524056102615356,2.5239412088657,1.8774429500694068,1.4764033515548833,0.5981062268210731,2.1382613547353944,0.148587857206835,0.16595299902754623,0.17459416086133747,0.20970602345184128,0.20978241733310266
2.3902269921643517,8.34830745918844,4.811683286188566,2.7240364242257358,2.0313395306561692,1.567664673061807,0.6055717033166492,2.099589606974896,0.1472859216129141,0.16498671153146177,0.17384413641040145,0.20970035897816133,0.20977874904063534
2.3972546143865743,8.595924057881142,5.046615628759454,2.8964449683929177,2.178656744426683,1.662656599027672,0.6142369599247868,2.0639350439837405,0.14628371898916495,0.16424124087553396,0.17320791184770615,0.20969496030037194,0.20977479506479935
2.404261965462963,8.808736162953053,5.248160840323631,3.0497048617915197,2.3228420202769557,1.7631899842493728,0.6237217290244106,2.0295067646790197,0.14543460794305207,0.16363404034229787,0.172650576683905,0.2096897296846377,0.20977055000149597
2.4123932136805557,9.026464484729887,5.447344827931289,3.2039138421622124,2.482385053506065,1.8837704172549508,0.6350679504047854,1.9911786293023048,0.144576663670961,0.16306379443448946,0.1720978320548415,0.20968401090938135,0.20976544034016686
2.419447495763889,9.19634153288325,5.596797850231782,3.319283331348473,2.611705178451417,1.9892706644701255,0.644643828632967,1.9594080470699562,0.14391289069246196,0.1626573064097327,0.17169109421760154,0.2096794307965598,0.20976095382219195
2.426989954525463,9.351462140561566,5.749168993535172,3.4357261220413875,2.7429440120810455,2.103386106805977,0.6529602799113755,1.9260890600666196,0.14330688544039266,0.16226310055032447,0.1712885704743349,0.20967485478481804,0.20975600389576765
2.4345784244444446,9.485036599470112,5.894046317806106,3.5481473124970653,2.8684886508471696,2.218379779070416,0.658989010231845,1.8931460315584472,0.14278662280388565,0.16190338532939505,0.17090559513673675,0.2096705402992254,0.20975106569936341
2.442103785763889,9.602113075709967,6.027907855754839,3.6547001881918137,2.986763337498638,2.331184647943983,0.6628622876495065,1.8611523323302663,0.14233212308218074,0.1615845830000247,0.17054822203094694,0.2096665202627539,0.20974627409596797
2.4492113237152777,9.70293084999622,6.145648465250394,3.750719155538228,3.093124913748126,2.435730362935499,0.664843924793866,1.831594384749439,0.14194222533647655,0.16131507423319158,0.1702315537126327,0.20966293947679385,0.20974185567403789
2.4563908346643517,9.797959808504993,6.256884412411115,3.8431732532199328,3.195606377763417,2.5388078376695242,0.6654053422249397,1.8023903273261308,0.14157625340132002,0.16106974557079914,0.16993204921294716,0.2096595217632322,0.2097375067079605
2.4636894725810183,9.86889422010167,6.352981855313093,3.9260268234880087,3.2929488503975146,2.638847599381983,0.6655654444989555,1.7738657850081458,0.14129444425421556,0.16085789591679028,0.1696642512756876,0.20965629106732267,0.20973337612772586
2.470678818888889,9.874269232315154,6.403960911617326,3.9795970903922075,3.374046897004057,2.725742197212294,0.6674167999890175,1.748808803467852,0.14127795608839838,0.1607379952398344,0.1694898891207299,0.20965358468164025,0.20972987670146073
2.4785892609837963,9.824260125265818,6.411890559341485,4.009156481504678,3.4495056692453585,2.813033553508088,0.671163736136175,1.7230568632112488,0.14148429148159897,0.16070155311824463,0.1693904955063505,0.20965105308071283,0.20972626924592963
2.4868264823842594,9.72620544171719,6.368587576093471,4.004991825722149,3.5077653095070938,2.89075918110845,0.6762831306101278,1.6990758137040984,0.14187922679688522,0.1607666366219016,0.16939490224711456,0.20964908056485465,0.20972296908804072
2.4951665949305557,9.592031909524461,6.278618848596361,3.9661707644919875,3.544146847470159,2.9548144141608015,0.6821548455642953,1.6776610786148338,0.14241500169517213,0.16093084381057293,0.16950657864821153,0.20964781059807966,0.20972018287718783
2.502148601273148,9.458255942780152,6.174661917164815,3.910209453975756,3.5569837412173335,2.9967301096133854,0.6871391431058902,1.66183999056393,0.14294616608649624,0.16113868953159366,0.1696761296144211,0.20964730869795906,0.20971829195196487
2.509461803460648,9.288088122152029,6.058971850185585,3.845202249459656,3.5564992352991873,3.032144872961954,0.6897003088298742,1.6462106615402774,0.14361220793283913,0.16138772714036223,0.16988073792335623,0.20964724782631325,0.20971647717023967
2.5166031215972224,9.094996796443072,5.939748149499647,3.7789923060763577,3.544085594144631,3.0584542840065976,0.6889551408356933,1.6315381116450671,0.14436751974817114,0.16165637110342873,0.17009171527073355,0.20964758523883378,0.20971506855477975
2.523605720902778,8.886299994553994,5.8140196097901695,3.7104829206125634,3.5214676804390637,3.0756505061419532,0.6855543258175065,1.6177057139203783,0.14518847379581806,0.161953962178885,0.17031253004265798,0.20964825141717458,0.20971408913263032
2.5310895876736113,8.647456303522164,5.669229170809624,3.632661273558691,3.4871930870297976,3.0843679741954464,0.6795381620000482,1.6034942851614238,0.146136049667983,0.1623153001130639,0.17056670025775808,0.2096492856756271,0.20971344988731874
2.5381822489583334,8.409714783839478,5.522434979054062,3.554075598081798,3.4461789588216862,3.0835244959791974,0.6719969197930377,1.5905220540102774,0.14708799504400372,0.162701813124207,0.1708270798943363,0.20965054135609523,0.20971320314642794
2.545463665949074,8.162251790775686,5.364399428310045,3.46916684725501,3.396354860328736,3.0738886515670796,0.6625328230621448,1.577581077223643,0.14809173586332786,0.16314135269484253,0.17111319550990373,0.2096520856786169,0.20971326827190814
2.553030445115741,7.9309285213246055,5.203189440104286,3.381186269799374,3.337555545068446,3.0555105917663843,0.6500711231559964,1.564076824569047,0.1490353029897316,0.16361473020131556,0.17141465386459262,0.2096539374954954,0.20971360159183444
2.5601840497800925,7.733465552862168,5.058375260326695,3.2992164880803547,3.2764304999021467,3.0305160994847866,0.6361824759440781,1.5511429113694761,0.14984211945666254,0.16405915083826167,0.17169894986745354,0.20965588678454003,0.20971423081616386
2.5674929242824076,7.546477915479192,4.919837819485016,3.2177563000691,3.2096850667991346,2.997686454942201,0.6204286276035879,1.53769643696191,0.15060900388350645,0.16450047665482376,0.17198453349552917,0.20965803540574598,0.20971517526904462
2.575656652592593,7.349043618159317,4.7764396550422985,3.130786538109252,3.1317976062115926,2.9530998440594165,0.6015764348707882,1.5223254037338854,0.15142256216356892,0.16497304096381152,0.17229259936095076,0.20966056567244348,0.20971654792615352
2.5833332988425926,7.169886785423953,4.651331378553423,3.053623197664081,3.0570580883911567,2.9046218296891166,0.5831553093837615,1.507472979792995,0.1521643998540899,0.16539757393473664,0.17256844387574372,0.20966301534205073,0.209718100015086
2.590975290787037,7.001428259701163,4.525425864882815,2.974605773734017,2.982263044342465,2.850747236140972,0.5664490828373688,1.4929265092751431,0.15286930435992452,0.16583139002822722,0.172849975538723,0.2096654734160396,0.20972001119188274
2.5984923704050926,6.848347406200296,4.3970123859648895,2.8904262172540665,2.90820517366341,2.7933868951759804,0.5531736642988628,1.479498415959735,0.15351474637809487,0.1662868999624733,0.17315254786204815,0.2096678978272246,0.2097220907008216
2.607030934178241,6.684524520161853,4.252028169179622,2.790810788689893,2.8236740532081885,2.724751717009912,0.5410341459994356,1.4653669594424956,0.15420862559968115,0.16681498014983473,0.17351448620109122,0.20967067314627588,0.20972452961421556
2.6153038313194443,6.532311624325527,4.115194798112982,2.693034172356494,2.7415481776744484,2.6559823262988114,0.5314255695255842,1.452918506906891,0.15485495429378743,0.16732449406989863,0.1738731060974301,0.20967338674890268,0.20972697223064252
2.6227875310300925,6.398184339358218,3.995379669885607,2.6052499869330554,2.667391856233001,2.592606689148568,0.524067553869649,1.44281239108226,0.15542526032756696,0.1677779637480255,0.17419736431269345,0.20967585188060764,0.20972924948119412
2.6300472575694442,6.275599758795443,3.886544748711812,2.5238592105178097,2.5959881015398394,2.53067941834918,0.5172349731345832,1.4339184174756663,0.15594963427782563,0.1681969851031344,0.17450101268612983,0.20967824099599933,0.20973144473250208
2.6370262110185183,6.176107931982138,3.797627445342343,2.4549147436973873,2.5284553038066457,2.471199091834256,0.509196592503675,1.4256598477427371,0.15637318144065743,0.16854281402720644,0.17476041983785517,0.20968053043823917,0.2097335077048785
2.644176460810185,6.088642915782175,3.7208741228239415,2.3933057413588315,2.461198480914752,2.410454565910861,0.4998217801039986,1.4175059661731406,0.15674373938854136,0.1688422796363395,0.17499289649733762,0.20968283153824452,0.20973569515278642
2.6522983855092592,6.002135859312416,3.648681476563127,2.333815364414689,2.388448633680066,2.342130654941157,0.48847882008503785,1.4086584817047143,0.157109678816568,0.1691244672336337,0.17521765535041725,0.20968533376992482,0.20973823520673732
2.660222641377315,5.927031874184929,3.5907858514253923,2.285735714170665,2.322554109732799,2.2769102518378634,0.47731413000208645,1.4004636107339785,0.15742746040959368,0.16935101937077168,0.1753994500711535,0.20968760914579743,0.2097407054876168
2.667213427233796,5.866071901326202,3.5478042274426054,2.250585222603427,2.2693774498798724,2.221275145142993,0.4677241842807311,1.3935864931036248,0.15768536916114942,0.16951925212093624,0.17553240814528834,0.20968945149866555,0.20974283419691084
2.674494145011574,5.793461137743726,3.507085436019686,2.219401225997959,2.2192848451831515,2.1658862176782026,0.45842199019333946,1.386835794407031,0.15798945812512702,0.1696778192982283,0.1756500110637398,0.2096911904716999,0.20974498663150357
2.682272013923611,5.69901617802071,3.4626086426872047,2.1900772076219366,2.1716200276454165,2.110230423840108,0.44948359244576974,1.3801214519956386,0.15838903175095426,0.1698509128157343,0.17576039308036567,0.20969284609121897,0.20974716296126655
2.6905615348032406,5.585091316733561,3.411056335816561,2.1611827835639748,2.1268162798817087,2.055428087869173,0.44101989599105246,1.3734905561340223,0.1588722179685772,0.17005186140847767,0.17586904253795677,0.20969440448891918,0.20974930837699632
2.6978280385185185,5.477738155505762,3.3615454964250886,2.1362423768711443,2.09172535056123,2.0113728756635862,0.43441448862717813,1.3680891585991586,0.15932758426233654,0.17024529908933933,0.17596278369492946,0.20969562698362468,0.20975103806383832
2.706561774016204,5.342891048839077,3.2969560280592956,2.1053488495315493,2.0533919820596815,1.9631861079984276,0.42737037926062404,1.3620617920856204,0.15989908216911827,0.17049833311767723,0.17607895976499724,0.20969696428684448,0.20975293875819012
2.7137917408449073,5.231200974999832,3.2396926160392576,2.078161860943856,2.0238148061920356,1.926874279450649,0.42228026515091655,1.3574510808565028,0.16037318085289176,0.1707231708167102,0.17618120067914414,0.20969799670748165,0.2097543873971673
2.721123061701389,5.125088224195762,3.1795227503875543,2.0485207521443227,1.9949581454671965,1.8928914164567312,0.4179127807452511,1.3531697898774613,0.16082273341613482,0.17096019622100994,0.1762928462965469,0.20969900220049312,0.20975575933562318
2.7292600227893518,5.014099158438496,3.1128563500726965,2.0139117409851144,1.9636233686452802,1.8579815779568654,0.41386019094043197,1.3488611085170084,0.1612916767037232,0.17122354878940088,0.17642366422112887,0.20970009379969687,0.2097571714254732
2.7365804396527778,4.918835893402887,3.054118099906065,1.9819692754602183,1.9357146838512227,1.8286231709028373,0.410798539943546,1.3453671016204727,0.16169310636057183,0.17145602464520632,0.17654484654519087,0.2097010676124496,0.2097583638408647
2.744502534351852,4.819431705453544,2.9923440329622446,1.9472028023964045,1.9056519285370326,1.7985765796770337,0.4079902067050218,1.3419823572951453,0.16211081030743058,0.17170080071690524,0.17667711545225676,0.20970211906666245,0.2097595930119937
2.751594320277778,4.7337198659376165,2.938784125588464,1.9163541184458122,1.8788590608088571,1.7728909480686823,0.4058296651888988,1.3392909140619333,0.1624711527575255,0.17191331160855286,0.17679479158471295,0.20970305861423733,0.2097606513687702
2.7586444262037038,4.668691670113839,2.8903788791905596,1.8873562539512112,1.8524940919886568,1.7483670384109748,0.40359345357047044,1.336795451792385,0.16274654407797298,0.17210622863637576,0.17690604335377888,0.20970398953515065,0.20976163913719667
2.7663855820949075,4.622156387669729,2.846801042749198,1.8585778275836558,1.8241450619629522,1.7224289546099374,0.4009133564519371,1.3341874948189807,0.16294233127755808,0.17227995079045078,0.17701682920622763,0.20970500014005372,0.2097626992066214
2.774262808287037,4.593380609120874,2.813769061848573,1.833622877473739,1.7964727896964368,1.696993081416001,0.398077699871809,1.3316624896553417,0.16306336108586816,0.17241149819665522,0.17711312574639132,0.20970599324468434,0.20976376485444842
2.782042045347222,4.577424105643432,2.7915833246919872,1.8140652083066289,1.771075643096908,1.6729133155803522,0.39529687060856616,1.3292776261501555,0.16313090520444404,0.17249965903262235,0.17718883278183503,0.20970690990276802,0.2097647911652281
2.789515408738426,4.570005701933232,2.778579400972246,1.8002686648052038,1.7491802472060056,1.6509926484262372,0.39273208972471324,1.3270675788806496,0.16316297035151284,0.17255108710363715,0.17724249040547965,0.20970770535152425,0.2097657374513802
2.796551431122685,4.568305433985709,2.770728334392852,1.7905677820405408,1.7311756650422176,1.6316260477054902,0.3908060760939096,1.3251622275878137,0.16317162505011612,0.17258103726624527,0.17727973406630523,0.2097083618968372,0.20976662412323877
2.8037829111458334,4.571897700130547,2.7625715541599583,1.780879285478573,1.7151308456465932,1.6130566441224923,0.3902734824790443,1.3237484754365432,0.16315960344697777,0.1726122908330046,0.1773161602564176,0.20970893475451222,0.20976754171068118
2.8108786579166667,4.579400507017865,2.7556366772110112,1.771954850047598,1.7017564628326254,1.5964371660147418,0.3909433690075666,1.3229191653075376,0.16313204415600915,0.17263951204412326,0.17734987068140506,0.20970940336142063,0.2097683465715771
2.8183685485763887,4.590224063365044,2.7497853460618864,1.7633085956325234,1.689977224153245,1.5807909596393037,0.392576693164025,1.3226522107834233,0.1630912015536928,0.17266299990032966,0.17738294708759375,0.2097098139237703,0.20976909670091837
2.8258447077777777,4.603001450939602,2.7453026152446824,1.7554330558152433,1.6802610374674207,1.56713563565474,0.39484828913137326,1.32302394887274,0.16304230054382515,0.1726813661461975,0.17741342016555617,0.20971015351445094,0.20976976253486312
2.832801147962963,4.616060517107562,2.742122626514214,1.7487160822485739,1.6727434207122054,1.556109818534411,0.39734126106529466,1.3239563057963215,0.1629919140787541,0.1726946587076705,0.1774396196742917,0.20971041767333673,0.2097703196076291
2.8400853546296294,4.6294209075454305,2.7379902982355917,1.7413249287598176,1.6660807692267063,1.5460659711668576,0.40051730297952887,1.3256577803361336,0.16294020425077785,0.17271127565312921,0.17746804094838442,0.20971065011622214,0.20977088267644248
2.8477259649074074,4.641767331293217,2.7311430847639033,1.7321162765892548,1.6600134511727553,1.5369114860976938,0.4047294870816502,1.328401334327864,0.16289358224928008,0.17273909372508908,0.1775033003262633,0.20971085335254694,0.20977143825086178
2.855670679050926,4.65292733353291,2.7219075364973677,1.7212282399734302,1.6544893725285865,1.5287467945702218,0.4098408314883017,1.332308667265681,0.1628522712209397,0.17277695645148186,0.17754527822042462,0.20971103361216167,0.20977194975691918
2.8635481631944444,4.662260292086119,2.710841952075493,1.7091885392643131,1.6495369051462212,1.5218302248050464,0.4154426459681606,1.3372557522053132,0.16281839865868614,0.17282242175790855,0.17759198362066714,0.20971119472407831,0.20977240784457377
2.8707524065046295,4.669214804911657,2.699153937674608,1.6971389295512935,1.6452458306627997,1.516354131085,0.42091178298794496,1.3427209529250446,0.1627938040991329,0.17287040967633102,0.177638884201394,0.20971133541820214,0.2097727984912503
2.877905088009259,4.675652339684205,2.687097214932903,1.6847562158344427,1.6410962498554784,1.5116200592754667,0.4264239135007306,1.348981552949069,0.16277212673560726,0.17292077882891424,0.17768769231945486,0.20971147383516667,0.20977314341132788
2.885231253738426,4.690320486223584,2.682318910376342,1.6760319901756804,1.6372016028317733,1.5078262624339116,0.4304808991754151,1.355729902767791,0.16271547091729907,0.17294308485120355,0.17772402858305786,0.20971162442723243,0.20977334282959087
2.8929314105208332,4.713690919815354,2.6852381287744396,1.6712770519152906,1.633379499022098,1.5047073669383184,0.43291998344234867,1.3630351523645678,0.16262075172947074,0.17293350297733337,0.17774516375878768,0.20971179440018206,0.20977356732268193
2.900776530266204,4.743480276579398,2.6949294219516022,1.6706075553021247,1.629906498006388,1.5021067771713477,0.43400705733289574,1.370653079247211,0.1624985741687998,0.17289584460508384,0.17774988078542592,0.20971195721227676,0.20977383066828506
2.908503235810185,4.777051593528372,2.709877149340356,1.6738457078700084,1.6274434508057696,1.5000053472997625,0.4341789862788524,1.3782579204246324,0.16236035792752743,0.17283665235531334,0.17773895884651814,0.20971208166976268,0.2097740915995564
2.9161432565625,4.813203040910724,2.7288448927720457,1.6805020242653907,1.6264607349133542,1.498450102194829,0.4338190896626114,1.3857944708902956,0.16221123380243072,0.17276119528616624,0.17771455554002574,0.20971215093672724,0.20977432809574337
2.9233355091319444,4.839905548887318,2.746517841671657,1.6880069460168838,1.627023391756311,1.497442058532489,0.43373505821483027,1.3929810893883297,0.1620982337438202,0.17268961147599482,0.1776858578732897,0.20971215743727242,0.20977457553490728
2.9308559780439816,4.850517013058672,2.7592317028225266,1.6947066558839414,1.6290068277130416,1.4968643380745403,0.4346690257485208,1.4007442676902118,0.16205477831931936,0.17263800178664784,0.17765982117959167,0.20971209975089514,0.2097748252582558
2.9387007187037035,4.848232533543862,2.7655593921093304,1.6998745943765605,1.632379640629665,1.4969997338394048,0.436558507468296,1.4090587261165048,0.16206627212192112,0.17261244689987904,0.177639905642601,0.20971198618596623,0.20977501341485616
2.947074598923611,4.835402899336958,2.764776316572915,1.7025315104907106,1.6367718780257647,1.4980270713002162,0.4393339509517622,1.4181361335009628,0.16212214881651862,0.1726156878928146,0.17762998095359545,0.20971183631305046,0.20977515038847303
2.9549754891550926,4.8165593129262945,2.7578112316655896,1.7019241401470595,1.6408984318364068,1.4996891616588823,0.4424565340092442,1.4268705419371472,0.16220289917250633,0.172643847582015,0.1776327980833494,0.20971169645585747,0.20977524134873024
2.9623064867361113,4.799991887815263,2.747159405887406,1.6986912631710103,1.644168718718329,1.501618941206664,0.445646742897455,1.4351112282171514,0.16227722162154384,0.17268704592954603,0.17764583299928438,0.20971158711966517,0.20977530503910738
2.969779316134259,4.807477947914543,2.7364687118171984,1.6934094023901212,1.646618699698033,1.503753256966398,0.44902644660510443,1.4436234769481904,0.1622514642350006,0.17273107667826806,0.17766698873732192,0.20971150828888063,0.20977535689603438
2.9774079291435185,4.836204065687526,2.730040186176517,1.687116072052801,1.6480937540535339,1.5058704650983576,0.4525582171111949,1.4524381774131516,0.1621346556257806,0.17275817552233214,0.17769223770051512,0.20971146525080203,0.2097754135050627
2.9853676164351852,4.881924166773045,2.7299179509464726,1.6809856051759766,1.6487270254339865,1.5078274121682773,0.45631061084571756,1.461805908477182,0.16194516649469132,0.17275988369038747,0.17771702645194531,0.20971145304792907,0.20977548392580023
2.993001969849537,4.936142137981261,2.7361706906915213,1.6765447791629147,1.6488587730138367,1.5093892981978279,0.4599646980419614,1.4710224780903745,0.16171863215067275,0.17273566799437287,0.17773529497778895,0.20971145867667146,0.2097755641195956
2.9999999988425925,4.991982040731128,2.746798310661258,1.6742073144519136,1.648951541569272,1.5105716208383564,0.46335822974438723,1.479758849210346,0.16148418098847583,0.17269352092217738,0.17774532708605914,0.20971146521229458,0.2097756472285677
3.007448070613426,5.028253848147415,2.756284861588175,1.671291507299557,1.6492652946348019,1.511385158749505,0.4679260295406333,1.4897370657373972,0.16132130009314605,0.17265341548745075,0.17775632718790482,0.20971145757970985,0.2097758306290835
3.0153137304976854,5.021811395338497,2.7542526765901187,1.6650924130601559,1.6500403810792927,1.51176819924295,0.47459833535909607,1.5014612064746868,0.16134182276019715,0.17265926070134693,0.17777948963984394,0.20971141591114656,0.20977605790679937
3.023088869236111,4.983158245692161,2.737860275546843,1.6549438254438245,1.6513174809268123,1.5119931136531768,0.48274439402578023,1.5144060926946594,0.16149968869996184,0.17272328743993515,0.17781822679191078,0.2097113522557432,0.20977624857462443
3.030642047789352,4.923560917979789,2.7085152439145643,1.6403397400779545,1.6526101042514691,1.5122108601089814,0.4918707198175856,1.5283987109389232,0.16174631438141088,0.17283986376430305,0.17787456413139766,0.20971129187330856,0.20977641843750516
3.0392481596643517,4.8366319429063145,2.660891338067172,1.617570502217741,1.6534553142367694,1.5124381735199448,0.5035289059529028,1.546150704999202,0.1621072230591751,0.17303026859192494,0.17796282796285265,0.20971125081300265,0.20977661601248299
3.046265472939815,4.758367050739555,2.616211157509593,1.5960647582580676,1.6532029234628014,1.5127237223497765,0.513182685556191,1.5619303742719535,0.16243446145795848,0.17321143933093303,0.17804766500105904,0.20971125816624744,0.20977670777924576
3.053707156898148,4.681733743463767,2.575429401501627,1.5761449310163098,1.6511989594205194,1.513546916590609,0.52068925873136,1.5793774551903814,0.1627535937385962,0.1733775106321527,0.17812807869754482,0.2097113597194425,0.20977666050886185
3.0613716230671297,4.60817962463499,2.538790252132598,1.5577400229734433,1.646223345539565,1.514252620575444,0.5257006546491828,1.5981347318904466,0.1630577010100285,0.1735250702251211,0.17820193113865093,0.20971158310260044,0.2097767041469849
3.0694073348958333,4.535071775954049,2.504878626991302,1.5405098639525132,1.6378784969956248,1.5141241513452475,0.5286247660217671,1.6186908076781878,0.1633586280434875,0.1736601753896701,0.1782700670938584,0.2097119237556351,0.2097768558416828
3.0769691619791666,4.468720082846661,2.476297137143228,1.5262947199167745,1.6278687569344825,1.5128216629354443,0.5297030672930505,1.6388446267385988,0.16363097276076613,0.17377320309764424,0.17832567190625404,0.2097123136348497,0.20977706396150175
3.0839558897106483,4.408562960666293,2.4519737414392226,1.5147486001393728,1.6174379984056033,1.5104967470479984,0.5295939750335987,1.658107187715443,0.16387710498022207,0.17386879974263938,0.1783704845257781,0.2097127116458086,0.20977729767236072
3.090922713576389,4.338614797904145,2.4220435844087125,1.5010698667874123,1.6067136056113658,1.5068295990694316,0.5305199989333492,1.6781082319355443,0.1641604174885319,0.17398465776020267,0.17842168591810664,0.20971310661712955,0.20977771314134966
3.0983281878125,4.249742069907544,2.3805469807780986,1.4824821378834674,1.5958496200587402,1.5017145316969742,0.533930666873232,1.7002974573301934,0.16452312370348732,0.17414807285928227,0.17849154924260352,0.20971347994765757,0.2097782063104786
3.106391629409722,4.141485585173127,2.3264372203929913,1.4584148016312979,1.5851677220177005,1.4954134513693407,0.5400094914392223,1.7253716139612394,0.16496535939565177,0.1743637424155684,0.17858366236968498,0.20971383949028902,0.20977868798425583
3.114221429375,4.02885997109791,2.266802080442944,1.43148823824459,1.5756707596330153,1.489023669897788,0.547813898195806,1.7504871093711927,0.16542468748187067,0.17460287754783677,0.17868808734752886,0.2097141651171701,0.2097791266393992
3.121544461261574,3.9193715694313527,2.206257015010699,1.4034792536120086,1.5671352495924866,1.4829965721197336,0.5565234961718406,1.7745647054406506,0.16587020296644028,0.1748463137566987,0.17879745763400148,0.20971446555221449,0.20977953462057586
3.128524709988426,3.8165072665443796,2.147367913080805,1.3755726702744748,1.5588721934982832,1.4773408353146023,0.5653627973492513,1.7979163738216914,0.1662903127060037,0.17508472140279235,0.17890762373283453,0.20971476326277408,0.20977987328658007
3.135532577002315,3.7335439874862764,2.097607210231567,1.3510048804604762,1.5488932756369356,1.471978142541395,0.5713064761095823,1.821313811299815,0.16662865796753468,0.17528741774083728,0.1790068509086512,0.2097151537774328,0.20978002920879502
3.1426127566435187,3.6671102916158516,2.05646909944316,1.328992673878845,1.5358216099415183,1.4662778091202227,0.5741260872067129,1.8447887069036661,0.16689698885900128,0.17545341039788195,0.17909578621691136,0.20971567772205046,0.2097802696089623
3.1502587440509258,3.609130611178082,2.0211713238557407,1.3082557144197033,1.5182264417569915,1.459084192260157,0.5741823212049102,1.8698703882431027,0.16712922192710958,0.17559388283410926,0.1791786613932591,0.20971636764727858,0.2097806607007673
3.1582102917592594,3.5590502170045193,1.993310980558149,1.2904910490018908,1.497199067772453,1.449979498435612,0.5716259549357534,1.8955271326614063,0.16732855785328377,0.17570306074959285,0.17924901331155468,0.2097171762772198,0.20978116824837761
3.166082615787037,3.5158554368846757,1.9730121776194223,1.2768709756546934,1.4750169380858487,1.4392034834510536,0.5670806170001741,1.9203318498041955,0.16749986876785056,0.17578121148821543,0.179302736428315,0.20971802245865073,0.20978174030351593
3.173366037662037,3.4650037613071367,1.949390091803319,1.2630376026357384,1.4555115281502853,1.4277229806793017,0.5650571869323229,1.9430400259088507,0.16769829314786341,0.17586889930544714,0.1793541205550607,0.20971875286844632,0.20978257983435153
3.180523148900463,3.39251566959296,1.9116993782728946,1.244032829537373,1.440041197092008,1.4158674635012953,0.5694936807350668,1.965701400622432,0.1679883943445319,0.17601495842559417,0.17942391159805168,0.20971927081004602,0.20978352948886628
3.1884137073842593,3.2949713815680535,1.858082430334337,1.2191380256418711,1.4286172323465802,1.4035057700965545,0.5807071793773791,1.9911644908078174,0.16838227431465455,0.17622864333842625,0.17951843170147042,0.2097196141854742,0.20978437837202094
3.1957019259837964,3.1927008020411782,1.7996052175280879,1.1929662732170083,1.4233630531781132,1.3935443998794634,0.5961095476462434,2.0152424828449855,0.16879616511037823,0.17646488198803573,0.17962081036900865,0.20971975834207335,0.20978501902594895
3.2039859241666666,3.0654417868181363,1.7250838713320737,1.1600334547212816,1.4229762290988102,1.3843390252322019,0.6189294806641543,2.043415973118621,0.16931100381059716,0.17676775690926758,0.17975201696592585,0.209719754240375,0.20978565408827257
3.2109719549074076,2.9546931160564815,1.6590359618542232,1.1310265361755525,1.4266595582219028,1.3784371053819136,0.6417520872989746,2.067862876927486,0.1697619762683344,0.17703850334659382,0.17986967313527275,0.2097196303406704,0.20978607391800036
3.218239653587963,2.87540638525066,1.604171205374061,1.1059485811652636,1.429493393250616,1.3742938743263622,0.6607522190051053,2.0929707094578056,0.17008713232643158,0.17726752871470883,0.1799766793084955,0.2097196021531207,0.2097860054905124
3.225321494814815,2.831927618363627,1.564072243276621,1.084323695781187,1.426523621316521,1.3712487439946686,0.6728545627303275,2.1168724399770316,0.17026200997881327,0.17743301251479993,0.18006969384253518,0.2097198305583372,0.2097860192016945
3.2325217694444444,2.8129497625459594,1.5355976548643382,1.0645648652337838,1.4160473539651701,1.3678535980127846,0.6793507975861798,2.140620017238233,0.17033463853355607,0.17754747924120762,0.18015266391062115,0.209720323838861,0.20978624239365784
3.239753593900463,2.812940556455536,1.5192616934382992,1.0481747406235553,1.3990983852654801,1.3631045683269858,0.6807485628956675,2.1639011772532815,0.17032937471843296,0.17761056673895123,0.180220303631114,0.20972103229388753,0.20978660893425474
3.247384037407407,2.827764390139185,1.514386507233702,1.0357032822160634,1.3764098836363663,1.3559509248921735,0.677505591478159,2.187797737821395,0.17026386816337313,0.17762618100496821,0.18027168679359806,0.2097219419063042,0.20978709561976938
3.2543535344560186,2.8483182007015535,1.518221972318014,1.0285074409764583,1.3535501955687037,1.347246510311805,0.6717398663647104,2.2090335283247495,0.17017510558108218,0.17760588417947815,0.18030141192092342,0.209722848602315,0.2097876624935479
3.2614141020949075,2.8672868371660187,1.5242622725076918,1.023677151675605,1.3311594410351655,1.3365878317847235,0.6662837880643334,2.2302204561700636,0.17009397779186455,0.17757626408577373,0.18032057324566997,0.2097237195657293,0.20978838772966837
3.2690141899074074,2.886087064436301,1.5327084979135048,1.0213926768281263,1.309467487211253,1.323787595660568,0.6612229054173627,2.2525978305212626,0.17001530890821423,0.17753801828729623,0.18032998933334116,0.20972455393278175,0.2097891451473407
3.2763778709375,2.90306381115095,1.5420590813174602,1.0214778484345002,1.2913127035444663,1.3107554458538577,0.6570935016376059,2.273762819227436,0.16994536929337162,0.17749762370312294,0.1803310262371731,0.20972526101241903,0.20978983968251685
3.284504568425926,2.9205983655649455,1.5528584676204025,1.0232609969124888,1.2743268428163972,1.2962578379964347,0.6533501193629532,2.296431937092048,0.1698737834351378,0.1774520735635496,0.18032637229265025,0.2097259400875707,0.20979057997055298
3.2916666988425924,2.935218974076382,1.5623860680015804,1.0257070622847322,1.2616310294124862,1.2837246858647886,0.6507170046223466,2.3157372288232034,0.1698144005233981,0.17741238233457435,0.18031926657968694,0.20972646311009574,0.20979121433681217
3.299081587384259,2.983433598145929,1.5808761121297268,1.0318532917407721,1.249086249342628,1.270974016588533,0.6452566275099658,2.3343899764298355,0.16962757340522025,0.1773400651539487,0.18030042256826448,0.2097270074130553,0.2097916396353475
3.30641157900463,3.085860161868014,1.6172631219583207,1.043677077770048,1.2357383679785023,1.2581266109078655,0.6347208977328026,2.3507313056841794,0.16921648656569022,0.17719488327532146,0.1802615143833037,0.20972766048400188,0.2097920355020283
3.3136708088310187,3.2280881475434033,1.673120575395083,1.061740802863612,1.2220407578938177,1.2448447295509062,0.6208347321403899,2.364584279201922,0.16864173803223376,0.17696908619637133,0.18019743842466895,0.20972837248591727,0.2097925687103707
3.3213468028125,3.4118557281530046,1.7551854680222796,1.0901476480517578,1.2091398572989984,1.230272898393343,0.6043779803161895,2.376340611460762,0.16789775654585787,0.17663580686197988,0.18009181003880972,0.20972908926315,0.20979321231347864
3.329225016400463,3.6272196992401597,1.8638809820079536,1.131759666195155,1.200642736236558,1.2154782083367117,0.5876631160812618,2.3848537567412316,0.1670254559678149,0.17619384195642157,0.1799332257889139,0.20972966223795605,0.20979386624658364
3.3362729565625,3.8338577909519445,1.97908985521946,1.1803956669838798,1.199687291860929,1.203499521787129,0.5747958847079794,2.389138999688279,0.16618495333564365,0.1757238557820357,0.17974476470009748,0.20972993352469332,0.2097944248689521
3.3434597381712963,4.029588142600525,2.096867309983214,1.2346771819965308,1.2066432011910257,1.1939016881973987,0.5679792372496721,2.391174068842524,0.16538669499009945,0.17524142109785387,0.1795297474436318,0.2097298534266233,0.20979508134606234
3.35111312275463,4.223361542341044,2.218347680312162,1.2955866306552428,1.2227283517674825,1.1878174547576916,0.56777325224562,2.3910531824455443,0.16459690966173435,0.17474621152105768,0.17928673186029406,0.20972933510126845,0.20979549862944283
3.3586465649421298,4.405695025086965,2.333567557617337,1.3572278834192597,1.246404189757002,1.1867532014020203,0.5734252798740734,2.3887601351380505,0.16385111347784825,0.17427884934626625,0.17904169104313938,0.20972847335988748,0.20979558635798404
3.365786815150463,4.574616566896604,2.4390556890015307,1.415856160003142,1.2746498090870835,1.1904705645774107,0.5829468561676657,2.3847827440355216,0.16315557502066863,0.17385240460121562,0.17880955463290132,0.20972742156216512,0.20979542943152996
3.373076126238426,4.745721869102344,2.5438830481470753,1.4751873156391884,1.307890596982561,1.1988472987866943,0.5957658634318647,2.3791387734182248,0.16244593253613315,0.17342962538535928,0.17857517455392172,0.2097261778468894,0.20979506889407956
3.380193939363426,4.923879501815952,2.6501531736576274,1.5352517936906065,1.3440622546124694,1.2114400287279339,0.6096412765395695,2.371885302954809,0.16170739301324355,0.17300457525331173,0.17834012448245257,0.20972483194806057,0.20979443382751592
3.3873170478703702,5.136691679337142,2.775765759872988,1.604991036944878,1.3852080843579961,1.2290016978984477,0.622371177728391,2.3619381172732092,0.16081594505650504,0.17250267746561593,0.17806966876633396,0.20972336490567883,0.2097934823736618
3.394302323587963,5.372460159097934,2.9186916083936154,1.6838941037303823,1.4310513163578817,1.25113697023161,0.6336443104509479,2.349652036577017,0.15981913085013053,0.17193095322587987,0.17776338058819333,0.20972177222075922,0.2097924266512723
3.401969744733796,5.655185785854414,3.098051311952347,1.7843159759477158,1.4891244253610194,1.281410466183492,0.6448491762702335,2.3334525203276875,0.15861635996919965,0.17121508764769922,0.17737289294555433,0.20971974725188017,0.20979107675121003
3.409129692997685,5.936721032193185,3.285803573806869,1.8926054817058042,1.5526114231605963,1.316087115860502,0.654407852845908,2.315932339000481,0.1574140637333653,0.17046988802682597,0.1769523573502904,0.20971750308972778,0.20978955378097636
3.4162976496990742,6.231682500188453,3.4917977294189697,2.015802040435716,1.6270201315735093,1.3580986664437567,0.6631760225108906,2.296253898048363,0.1561522847225115,0.16965935695438045,0.17647588721522758,0.20971484296646364,0.20978770791802487
3.423523795127315,6.481636862662176,3.6834151249599434,2.1370722544956755,1.7088754697932873,1.405706364007346,0.6742789807705208,2.276492781316387,0.15506409406038735,0.16890068424605736,0.17600072912275916,0.20971184256339725,0.2097859757453817
3.430929644976852,6.641599889264725,3.8218659234723016,2.2342479600887803,1.7897909056977621,1.4553535667548148,0.6911103267523282,2.2590871887353363,0.1543846209738886,0.16835694053950392,0.1756177792431695,0.20970870649106904,0.20978424961268044
3.4381800464930556,6.732237985133559,3.9037842861118532,2.3007337985594187,1.862063890989011,1.5031736354295457,0.7116776684038998,2.2449865133469986,0.15400905396045778,0.16803723401255793,0.17535582838020414,0.2097058052983622,0.2097823577519035
3.446274318761574,6.7769850175306106,3.939632676208648,2.3402894543089263,1.9306983512435851,1.5533459994816303,0.7379562230468835,2.232819235533517,0.1538288132822359,0.16789531240718722,0.1751982844098692,0.20970300919340784,0.20978023618826913
3.4538297649305556,6.776860568692412,3.9279203529435445,2.3455538028646035,1.9807753629795732,1.5950158607856588,0.7645387413163305,2.22494906266238,0.15383353524567928,0.16793560444247335,0.17517248255615478,0.20970094185528582,0.20977844088270703
3.4609429731018517,6.7523500858015,3.8873498364856163,2.327559330072761,2.0152326682572177,1.6287870492612675,0.7902293014157487,2.220418526627287,0.15394445272993396,0.16809161616151233,0.17523806244548934,0.20969949022561046,0.20977692708503307
3.4680275527314817,6.771826199886807,3.864897274605268,2.3135377368662637,2.0428557859984724,1.6618693546530732,0.8105932944343422,2.2162357891427513,0.15387230864434215,0.16818642215065216,0.17529540973458937,0.20969839150450037,0.2097750388183396
3.4750812732291667,6.841099903428808,3.8709031862974053,2.309319242315788,2.064991338583083,1.6943421972332842,0.8240037912253388,2.2118498242647204,0.1535810117303335,0.1681685820958351,0.17531521054539156,0.20969759397683477,0.20977330724464013
3.483002922951389,6.964913001734199,3.9111434143136807,2.3180783863133088,2.0846755451836714,1.7287511774546855,0.8315792347481228,2.2067688798474143,0.15305761930496803,0.1680179535518341,0.17528408141234264,0.20969691866016693,0.20977166496979552
3.490743809953704,7.121264874016713,3.983217512945312,2.3431438103370086,2.1022259201814246,1.7596860418980986,0.8325691709194966,2.2016761229338067,0.15239850915651107,0.16774664258268596,0.17518989488141895,0.20969631649967327,0.20977025673739016
3.4978702077662036,7.287769480792927,4.075458311630082,2.382003576963972,2.120579949592776,1.786247139803177,0.8289405213571729,2.196838546533195,0.15169930246567678,0.16740224646269722,0.17504347072821272,0.20969567876981599,0.2097690457514477
3.5049421638310183,7.45254976057763,4.183168859102626,2.4331451151738435,2.1433417011475204,1.8113603142178751,0.8224780960974779,2.192020354887547,0.1510003037715448,0.167001977962794,0.17484964433658468,0.20969487723304106,0.2097679389338798
3.5126673719444446,7.583794309076055,4.295500405598691,2.4935648239717993,2.173473016637795,1.8374578421186591,0.8148223156177248,2.187276360441909,0.15044791474026692,0.1665891041723405,0.1746202611107848,0.20969378431204275,0.20976684678260482
3.5198370431944443,7.669513321061234,4.387883142503064,2.5508717733780792,2.206403901777456,1.861830138928759,0.8074027918773152,2.1832543556721706,0.15009148892606128,0.16625487438259418,0.17440394564321424,0.20969257863750865,0.20976575777192075
3.5278467475810187,7.735800284645917,4.474710426990394,2.6126638785481777,2.2477464410534505,1.8904035152584988,0.7987357536666474,2.179059659777235,0.14981731590589908,0.165944976996611,0.17417195211382439,0.2096910729810504,0.2097644322457613
3.5354142350810185,7.778161886832512,4.541002604122337,2.6662382590167137,2.289439280697998,1.9191812669281543,0.7901787167455505,2.1752865218581783,0.14964203535120735,0.16571096559685666,0.17397155325131475,0.20968956545871864,0.20976308716486972
3.5424124958217593,7.804856019663881,4.5899739384042615,2.7102838920595644,2.3286545261180644,1.9472812340768144,0.7820225278390255,2.1718996236416905,0.1495304111111928,0.165539205212534,0.17380700586655162,0.20968815364380877,0.20976177820476957
3.5498293638078704,7.804866757567217,4.620899990624006,2.745027496100005,2.3680486365902063,1.977114418023989,0.7745222374485221,2.168752900894539,0.14952404263264132,0.16542647370317592,0.17367472898625416,0.2096867238236494,0.20976047872229453
3.557100194583333,7.773523869573476,4.6261159058902095,2.764055353887881,2.4020325738678308,2.005144711473483,0.7689956805821598,2.1663225979668272,0.1496518075032222,0.16540266995819156,0.17360040551499376,0.2096854670124887,0.20975925155920525
3.5648729666087964,7.71520314438192,4.607146734522979,2.7686025308679665,2.4318407067936336,2.0330245209819013,0.7647188723950661,2.1644287577277583,0.14989168197247715,0.16546207618194145,0.17357930466096655,0.20968434543934455,0.2097579791604727
3.572785667673611,7.636752235610199,4.565546065112853,2.7574259302530173,2.4539894268146,2.058287090357451,0.7616431927636632,2.1632568736983466,0.1502141903834977,0.16560068677006104,0.17361609950270296,0.2096834903410235,0.20975678877690362
3.5807573472569443,7.543578483216016,4.505024219531583,2.731612537823739,2.4671049537137555,2.07963301495783,0.7594193347993161,2.162868502353086,0.1505970007153853,0.16580762823645795,0.1737069013636795,0.2096829501603517,0.20975575375759162
3.5881082820717594,7.454149251217679,4.439588361598805,2.6986554059271666,2.4711418403473937,2.0954261330896355,0.7572825958247886,2.1630913510358405,0.15096810448259462,0.1660382481309822,0.17382614406624614,0.20968273661493111,0.20975491477317915
3.595916407523148,7.376524506085167,4.375670727281057,2.6631360543765856,2.468602801548291,2.109038846305504,0.7526872341894553,2.1633976788049267,0.15128837555274488,0.16626806336587632,0.17395642692959967,0.20968277001411756,0.20975407990176745
3.602989702662037,7.3190302217082515,4.324417770549688,2.6316836254061946,2.4608865100873136,2.1180445607794103,0.7465137206969932,2.163700282686316,0.15152366232422962,0.1664539732089741,0.17407189391654665,0.20968299967936288,0.2097535099703018
3.6110531601157407,7.264284537148131,4.2740155902891,2.5978904383516244,2.447060597822245,2.1240824285391966,0.7375647166509584,2.164058179311903,0.15174704104345063,0.16663829736251906,0.17419596751098398,0.209683437976745,0.20975307502723095
3.6190217465046297,7.218119065525332,4.232079236380649,2.567640606149677,2.4297641807918313,2.125673949968483,0.7271579703866239,2.1643929528453327,0.15193536238822086,0.16679289254038984,0.17430715353414267,0.20968399761552392,0.20975283918672868
3.625968670011574,7.182083997505591,4.2009796188402095,2.544166199376503,2.4129558389173735,2.1238090112640085,0.7171242275580149,2.164639555651642,0.15208212481625544,0.16690809190645708,0.17439346687841983,0.20968454699839412,0.20975276938723655
3.633612607175926,7.135011646801163,4.166210443737194,2.518572504968739,2.3932795923023944,2.118288978085265,0.7061670377763511,2.165044349823309,0.15227294575789413,0.16703564525671954,0.1744867180505471,0.2096851884755948,0.2097528881752122
3.6405590852199072,7.082231485241435,4.130817851532618,2.4941770567484522,2.3746543102391193,2.1105061723574146,0.6967467917260958,2.165620739093713,0.1524906166456674,0.1671665222843708,0.1745758865064816,0.20968579114531094,0.20975310666666386
3.647812665185185,7.01941318454579,4.08971569171399,2.467395174537193,2.3546916752502205,2.100164623794203,0.6873693138089915,2.1664231038492314,0.15275116441595016,0.16731961358893474,0.17467426177701817,0.2096864382832939,0.20975340564674527
3.6555729240277777,6.945664643617148,4.0412077464894365,2.436975398151141,2.3327118148977104,2.087108377821876,0.6777454623716077,2.167506768626192,0.1530578645207009,0.16750149382811086,0.17478647887708315,0.20968715533775434,0.20975379956951956
3.662536897789352,6.875208539383879,3.9941362032003584,2.4080065860529682,2.3123046293026226,2.073953929098317,0.6694050533908771,2.168683002601179,0.15335136697356483,0.1676790739093403,0.1748936905278496,0.20968782543872483,0.20975421483440349
3.6696860688078705,6.801540337031271,3.943718971727516,2.3771087349694255,2.2905998902028935,2.059306497490743,0.6609677542438737,2.1700665528470884,0.15366053333036567,0.16787115833805613,0.1750087613289557,0.2096885427524967,0.20975468257210808
3.676695135960648,6.741363008355194,3.8991881055799866,2.349187854094668,2.268882803252614,2.0443956574624913,0.6517416002659903,2.1713261558315273,0.1539139964909433,0.1680427829898129,0.17511374948224046,0.20968927308206398,0.2097551134193372
3.6838300898726852,6.692157375644086,3.860439148658762,2.323749040879716,2.2465384334399934,2.028718356025944,0.6413920976901137,2.1724448325296857,0.15411989112500243,0.16819244978713205,0.17520948334224462,0.20969003559327892,0.20975559933770144
3.6912561364699075,6.650630190870105,3.827012675246532,2.300588793353695,2.2233807279226423,2.011873568833377,0.6299835487789716,2.1734253729825026,0.15429311446369487,0.168321775311066,0.1752965215924514,0.20969083001997654,0.2097561606779349
3.698641654282407,6.616534095786181,3.8001835512211857,2.281074663804984,2.2010064512356324,1.994716522563887,0.6183743362582572,2.1742001014183514,0.15443516474805644,0.16842576089009334,0.17536976282062489,0.20969159892564815,0.20975675363359864
3.705746028159722,6.588654124891707,3.7796122729565838,2.26560160283132,2.1806096899188185,1.9780500697239576,0.6072502343588514,2.1747404180344097,0.15455128107401137,0.16850560337611492,0.1754277757680053,0.20969230079007092,0.20975733847151956
3.7130679825231483,6.559935918561513,3.760984975663146,2.251827399576226,2.1610543271086424,1.9608545132259523,0.596382286412692,2.175155254890782,0.15466882139756574,0.16857672597321152,0.17547868612500767,0.20969297271820675,0.20975797388994588
3.7206818577199074,6.518054441734763,3.7368705105370736,2.236030811719636,2.1420854292225813,1.9428696161040715,0.5869643783061674,2.1757397389640434,0.15484310147939123,0.16866862744626543,0.17553655267231855,0.2096936128711354,0.20975868798533148
3.728362263425926,6.4658082256347065,3.707049779343497,2.218265664709011,2.124210554719249,1.9249876201807476,0.5792550765430132,2.1765222885575635,0.15506266891280185,0.16878330578576303,0.17560209004817762,0.2096942088800145,0.20975937281753196
3.7364339187037037,6.4031404411002,3.670089388297246,2.1973061426628995,2.1063395101548914,1.9067341780091318,0.5727323386049187,2.1775752940873376,0.155326693709299,0.16892624839736656,0.17567997677800828,0.20969480417954808,0.20976005404225437
3.7435829400810183,6.342914336422024,3.6331431854547684,2.176631947231946,2.0907972484556443,1.8910767082717381,0.5680392844614962,2.178730540959319,0.15558061615242444,0.16906970833196133,0.1757571683190027,0.2096953234813777,0.2097606369476714
3.750574473634259,6.281074564879956,3.5938942847267925,2.1545628933130856,2.0754789355042247,1.8761723273379738,0.564243347441034,2.180085590487232,0.15584179554708857,0.16922274198203288,0.17583990025885618,0.2096958371260443,0.20976119637242874
3.757916052997685,6.230394123026552,3.558382616948697,2.133996423096923,2.0593814351676585,1.8614016859295859,0.5594978642331206,2.1813663411798716,0.15606074961448418,0.1693642592332014,0.17591892233403195,0.2096963891797122,0.2097616537485587
3.7657496730092594,6.2002281899572065,3.533250022090278,2.117915938683394,2.042460741605856,1.8467019058221297,0.5526787782753299,2.182258328013911,0.15618925450668436,0.16946447883171328,0.17598121763662775,0.20969699136180292,0.20976210633870898
3.7733126235648147,6.188426854674028,3.520874788255264,2.1080353392856113,2.0266949467158883,1.8332147888604362,0.5449078448565213,2.182644537130433,0.15623863344749717,0.16951376244420469,0.17601950896604235,0.20969755978594826,0.20976257256376396
3.781119741076389,6.189118315325933,3.519235009682389,2.103911979789145,2.0118868964868635,1.8199390148928682,0.536219288220761,2.1825262780196186,0.15623469471759444,0.16952042207098547,0.17603561262278095,0.20969809580942145,0.20976305614327778
3.788571769340278,6.198446004656827,3.526738945444509,2.1057313911584687,2.0000412239878718,1.808050857255449,0.5277077742803732,2.18188750336233,0.15619414666398249,0.16949091679428915,0.17602896548602587,0.2096985274184258,0.2097634924642245
3.7956091914583334,6.211295317341858,3.5398872072727974,2.1120001731350286,1.9915075410677687,1.7977682143885179,0.5198456586262005,2.1808076914534293,0.15613775216442147,0.16943868159085762,0.17600508095363002,0.20969884205372685,0.20976387506293553
3.8029091496296297,6.220996896303174,3.555162070997554,2.121061609450008,1.9855383652660947,1.7882150523061806,0.5125370224029031,2.1793231132285467,0.15609507453822807,0.1693777501624377,0.17597018682382531,0.2096990624549903,0.2097642492786907
3.8103219246990743,6.227210295634804,3.570905374685756,2.1322401551415027,1.9825249387399615,1.7800267812170207,0.5060356362529111,2.177429274686081,0.15606809160431978,0.16931524376787094,0.17592730108341906,0.20969917598318333,0.20976455158331025
3.8182432239814816,6.230882306447771,3.587173941653442,2.145639453284798,1.9824724370720637,1.7732790524483744,0.5000099360269845,2.174953889360508,0.15605216340032427,0.1692508450881745,0.17587609927155864,0.20969918621734354,0.20976477777001024
3.8253222287962965,6.232310044798436,3.6008885082396223,2.1582961355616734,1.9848139355201715,1.7691375055139398,0.4953355465676978,2.172337135393679,0.15604584561262433,0.16919664452672648,0.17582783975087407,0.20969911248483936,0.20976489743661972
3.8333332988425926,6.232473973706723,3.615370487583195,2.1728952926859417,1.9896768390417592,1.766616133592536,0.49076078924057837,2.168912984903658,0.15604484001479108,0.1691394819450746,0.17577224138546393,0.2096989522540949,0.2097649429901195
3.8405179442939814,6.223251501569329,3.619495634590959,2.1812993196867314,1.9948205685120015,1.7655284084802019,0.48851640465363566,2.1658726235290136,0.15608124684388702,0.16911973154316334,0.1757378905256181,0.2096987691267956,0.209765044639529
3.8481058253125,6.1983168608147805,3.6085272028454876,2.180915803902992,1.9993933958236023,1.7647111900691947,0.4890608538404538,2.163236865788773,0.15618794322069274,0.16915996560666746,0.17573638683778056,0.20969857828331723,0.20976516066370765
3.85514683537037,6.164933699355445,3.5870341285994174,2.173028988835422,2.002238892138492,1.7641211116239655,0.4916008041434403,2.161374363731698,0.15633135502130235,0.16924271049764172,0.17576411021902288,0.20969844024104942,0.20976520793897308
3.8626405264583332,6.121263348766471,3.55439974012996,2.1574202227299075,2.0030708058909843,1.7633784921184965,0.49580219660472236,2.1600784759096947,0.1565184275709368,0.16936982584984425,0.17582158256146668,0.2096983705452651,0.2097652360198921
3.8695934923148148,6.074946946407372,3.5168320017442682,2.1370418345606823,2.0012866953916406,1.762241204919892,0.5006186888313835,2.1595726149984524,0.15671622313292116,0.16951695197899688,0.1758976869359593,0.20969839797296158,0.20976527841999051
3.8765397039930556,6.0232647390029594,3.473663296176879,2.111817532637939,1.9967760245258974,1.7603432293192482,0.5060034729512293,2.159795267709307,0.156934465261846,0.16968659101060748,0.1759924765936124,0.20969852323058802,0.2097653603718131
3.88360653375,5.9405388280121345,3.4223437586306877,2.0814247462476536,1.9892958367743965,1.7572834758287499,0.5120077658345554,2.1608671460448763,0.15727825374558524,0.169888006663177,0.17610698719716633,0.20969875260349077,0.20976551244570518
3.890774195150463,5.822894352548465,3.3590891800656255,2.045745659280595,1.9787979670669145,1.752805650847011,0.5185548402149963,2.1628922710422573,0.15777232216050543,0.17013683145365754,0.17624183246700909,0.20969908731784842,0.20976573479411512
3.8982849621180558,5.673406061649127,3.2798073636528176,2.0029781941846334,1.964746388161142,1.746513444068917,0.5258032966038517,2.1660679364923525,0.15840175122382943,0.17044983894821247,0.17640393745116079,0.209699546639887,0.20976604280203048
3.9062603615162037,5.4942041272643225,3.182357190093153,1.9515817505883322,1.9464736759022219,1.7379606239040788,0.5338854137528541,2.1706547625133807,0.15915693922808616,0.17083614134036695,0.17659931105096308,0.20970015496890929,0.20976646038715216
3.9138658794444443,5.309994675952814,3.078997386453131,1.8972963554162925,1.925953250475085,1.7279767358899467,0.5419780853501519,2.1762161355798164,0.15993322007312144,0.17124747680835561,0.17680628733968184,0.20970084699888697,0.20976694926400616
3.920823382013889,5.149908269938334,2.9819551262432378,1.845947578089437,1.9046766998673803,1.717621772229617,0.5488457398221636,2.1820835159054117,0.16061879011134522,0.17163770057686517,0.17700423934007592,0.2097015744826232,0.20976737785418895
3.9281562653472224,5.056211290889036,2.8995315120234713,1.799323011481526,1.8793478274328952,1.706505226215843,0.5516280211875373,2.187956674233497,0.1610260045132748,0.17197222297840425,0.1771868715878522,0.20970248338662356,0.2097676614270153
3.9351867538310183,5.029696884906558,2.8446741026231406,1.7620530681431856,1.8518180160091373,1.6948650332935533,0.5503160356133889,2.1931601180067037,0.1611444643824347,0.17219491306277654,0.17733324029310785,0.20970349233126437,0.20976807223866656
3.942333746446759,5.051649474265495,2.814840261381556,1.7328893261756415,1.8214783931105087,1.6813543587378423,0.5459046818317215,2.197973479910323,0.16105636080751237,0.1723161888011787,0.17744773235231703,0.20970460374042554,0.20976864601726436
3.949607163449074,5.112494345924737,2.8109432988936125,1.7139560815539074,1.7901841061406278,1.665667109997173,0.539088014172336,2.2022983093993616,0.1608027839332137,0.17233269573492904,0.17752239879285567,0.20970574863023392,0.20976934228334826
3.9565596699537036,5.198073541232112,2.830393319647344,1.707117062509833,1.762012253176566,1.6491289170071193,0.5310390730477372,2.2057946191638513,0.16044344875058528,0.17225506124441436,0.17755021540358784,0.20970678249289051,0.20977007197712227
3.963511267465278,5.279848223823124,2.8610801426037247,1.7076167220463394,1.7374870862870375,1.6313928391053814,0.523691945933581,2.2090293367018896,0.1600864076721613,0.17212748645612255,0.1775469877911609,0.2097076813714182,0.20977098688469364
3.9710138488541666,5.305597911049551,2.8780134394221832,1.7051424690997052,1.7162170411551652,1.61138642679219,0.5210330239978775,2.2134615158132442,0.15997053034773553,0.1720536153601235,0.1775523589621697,0.2097084128699833,0.2097721714882825
3.978934932175926,5.279678234684239,2.8733988096438097,1.6977750169804948,1.6997787404973494,1.591009788672513,0.5232343358864051,2.2192692016988746,0.16007810808715478,0.17206828684005454,0.17757717582155197,0.2097089402025904,0.20977324643424006
3.986248231261574,5.220915984731438,2.848526539793816,1.6847768400165026,1.6889831860399283,1.5738238885804385,0.5287731930759622,2.225710243005525,0.1603255628724463,0.1721661239349263,0.177625329306718,0.2097092741689937,0.20977408670942546
3.9947150672800924,5.122846859852032,2.7975654566266073,1.6608912584850706,1.67963085213508,1.5562238967589432,0.5384098496300704,2.2345543020102316,0.16073846650215506,0.17236963883967332,0.17771634143810097,0.20970956259142823,0.2097749453034529
4.001725665208333,5.025359811442787,2.74113592231951,1.6343314421305226,1.6730516346664743,1.5434343401030803,0.5483575653435527,2.243030900211016,0.16115130207242476,0.17259742376053192,0.17781921112635676,0.20970977045858943,0.2097755789052593
4.0086960646875,4.953053446624221,2.6933658444680004,1.6112208202578497,1.666424515972167,1.5329646047337704,0.5555532148791966,2.251399521065299,0.16146411389441803,0.17279485571989328,0.17791266410797796,0.20971001723249513,0.20977585207017774
4.015811723136574,4.91257511765263,2.659644890727769,1.5928863876061436,1.6578653089782969,1.524098444542514,0.5586779639225051,2.259417416346865,0.16163815266731313,0.17293381641033262,0.17798804119983214,0.20971037592896885,0.20977610628313526
4.023341093344907,4.897736968432981,2.6395815662188338,1.5787491181620688,1.6460099855984778,1.5156015382261492,0.5581865500161681,2.267333485945318,0.16170218785855947,0.17301561983914882,0.17804587813002565,0.209710861549654,0.20977648388833137
4.03159564550926,4.905892809158306,2.635027611018805,1.570425477763588,1.630882092834951,1.5063857346299658,0.554241337239038,2.2753136647541568,0.16166854694196944,0.17303346725416247,0.1780799993509649,0.20971146081580294,0.20977697171393095
4.039024729652778,4.928855034395312,2.6448574895556036,1.5699858561214879,1.6170698977995681,1.4978394336811602,0.5484685221456598,2.2818131455092763,0.16157209837443767,0.17299275352895715,0.17808270845512203,0.2097120005274702,0.2097774312277425
4.046366595833334,4.948821953025251,2.659635002968938,1.5733881254566493,1.6047305216438472,1.488960340442017,0.5425867470871599,2.2878662024664598,0.16148033305698664,0.1729285103271171,0.1780682837103009,0.2097124787817931,0.2097780014422545
4.0534793427430555,4.92729132148755,2.658108751547877,1.5713861947524261,1.5949243543854361,1.4796342019240154,0.5410454288029254,2.294492442767719,0.16156491080587898,0.17292894978340942,0.17807226183642444,0.20971281828278615,0.20977874826243115
4.060567018611111,4.873855464648053,2.640318011172356,1.5641323919486518,1.587766989261842,1.4704180249911545,0.5432657428644839,2.301926477672683,0.16178692929379163,0.17299711218103508,0.17809724328327511,0.20971303494868865,0.2097793814063013
4.067964123900463,4.793221931256572,2.6057052281796103,1.550567648885934,1.5826809357773401,1.4614806085373226,0.548779917144024,2.3105831574266813,0.16212376736116865,0.1731347040674913,0.17814800083912358,0.20971317674960832,0.20977992292047218
4.075704147175926,4.689096852756121,2.5541847397756263,1.5294915946829515,1.5788401496648365,1.453111504577082,0.5573250016373628,2.3206625179123193,0.16255849511258708,0.17334160225931283,0.17822902244624095,0.20971328414699336,0.2097804177534614
4.083061948217592,4.576588080098924,2.4933067416768226,1.5032485769386192,1.5756107049520747,1.4460309071065203,0.5676290091442697,2.3312616369172594,0.16302722621582502,0.17358709743185502,0.17833092320939423,0.2097133822686163,0.20978085705058908
4.09002362880787,4.470476243080737,2.4320173285671194,1.4757534251712157,1.5722147698532962,1.4402198964743766,0.5778740606991523,2.3419230984172783,0.1634716614099326,0.17383668341290953,0.17843950191985447,0.20971350149910242,0.20978115789334156
4.097063260046296,4.37356835407846,2.3725750705710857,1.4477860956007556,1.567512493784539,1.4351575506604342,0.5872273960991945,2.3529672967428454,0.16387492049597538,0.1740785662454763,0.17855074104651564,0.20971369222337036,0.20978140685771707
4.1044525719097225,4.280629888138773,2.3130276965571785,1.4180986924070642,1.5604564843188198,1.4301838759112078,0.5961718802544439,2.364870928364263,0.16425956388569662,0.1743199999447799,0.17866841735625077,0.20971397669308525,0.20978172308290452
4.111710232997686,4.196255657096448,2.257732658092679,1.3891530382891786,1.5514411944676063,1.4252101393204568,0.6043343267724066,2.3768897742998014,0.16460732794078253,0.17454355571579006,0.17878267213437604,0.20971432862974373,0.20978208236403184
4.119477499513889,4.111909600612175,2.202161708050215,1.3590304800174733,1.5399877711173162,1.4194973631934642,0.6126053095039656,2.3901214733821154,0.1649538247627435,0.17476781584627815,0.17890132610739096,0.2097147663161362,0.20978250212190233
4.126588943819445,4.038981357883679,2.154480006492027,1.3326136944947329,1.5283375321418466,1.4137967676383312,0.6198618797012796,2.402565251362624,0.165252679173374,0.1749601304293373,0.1790054201747549,0.20971520681761796,0.2097829081791471
4.133938221747685,3.96797486724152,2.1103789417354224,1.3076895536287707,1.5152460693422478,1.407510359095917,0.626308968100238,2.4155552497506894,0.16554300781534365,0.1751382444616537,0.17910424379186932,0.20971570373277115,0.20978329638160104
4.141241304571759,3.9008591067714464,2.071315389067187,1.2853221085069884,1.5011529691282621,1.4007833266781915,0.6314492846821929,2.4284972936233427,0.16581637789186782,0.17529534395316868,0.1791931135804716,0.20971624294274738,0.20978370649957834
4.148205820775463,3.839206616839053,2.0374568605853236,1.2659142010956779,1.4868511662137986,1.3938148801922423,0.6353474599248455,2.4408545741900833,0.16606682788013458,0.17543083675111737,0.1792700952275404,0.2097167887199863,0.20978413765501552
4.1556882511458335,3.774889514633691,2.004026555251337,1.2469817120980546,1.470891685539803,1.385687155320437,0.6386144813346879,2.45412255060575,0.16632764852470225,0.175564069845832,0.17934507771289215,0.20971739527233563,0.20978463449562784
4.164357387152778,3.7021757510897544,1.9682689868143801,1.2272623687050621,1.4521110518867943,1.37548455314389,0.641401693483405,2.469441753238423,0.16662215149978238,0.17570610534795789,0.17942316059034627,0.2097181077642438,0.20978524075561134
4.171657862280092,3.6432311940339788,1.9402764430999386,1.2123216607045957,1.4363342510956565,1.366333814435665,0.6429734052521825,2.482239140516031,0.1668611587737749,0.1758171486774824,0.17948246315160565,0.20971870703469303,0.20978576356463127
4.178915672673611,3.5895855798921295,1.9147598951440457,1.1989637258108188,1.420759046832201,1.3568292099096473,0.6437030067231364,2.4947702101064864,0.16707830478869468,0.17591818348477098,0.17953571352688752,0.20971930216994256,0.20978628682382333
4.186564791886574,3.5370805722105056,1.890136668965272,1.1862212167560935,1.4045314920574363,1.3464320606982858,0.6436974761468566,2.507720149120157,0.16729038922805733,0.17601535750155198,0.17958663118339216,0.2097199254454709,0.20978685467378308
4.194213433622685,3.487434943688144,1.8675313395830444,1.1746703380379304,1.3886038587705256,1.3357159096838325,0.6430416841073193,2.520355524128976,0.1674906519903312,0.17610429172560543,0.17963289391402848,0.20972053957805667,0.2097874351969936
4.201462021597222,3.4421536977022495,1.8476432127954854,1.1646862762437682,1.3738894991880501,1.3253410866239614,0.6419420813425885,2.5319929339616998,0.1676731691802295,0.17618235322635653,0.1796730150806884,0.2097211093551529,0.20978799134415485
4.208409815578704,3.3998034140327813,1.8296848710942657,1.1558690189246759,1.3602008609946172,1.3152675397910198,0.6405488073674329,2.542797615670438,0.16784381306561885,0.17625273294102606,0.1797085974667651,0.20972164210692518,0.20978852604010179
4.215527071261574,3.359778726315921,1.8124953565907373,1.1475832225875189,1.346603051566283,1.3048885424888657,0.6387638229761355,2.5534452687304756,0.16800562543058212,0.17632013316634462,0.17974229359949392,0.20972217485424843,0.20978906590699456
4.2235750434143515,3.3201723480935055,1.794928482350192,1.139076652106035,1.3317050154465597,1.2931408507512134,0.6363204368767477,2.5648927693956325,0.16816521443734644,0.17638886445625493,0.17977719828652305,0.20972276445551166,0.20978967123705058
4.231177929525463,3.2865678306989135,1.7801326244316336,1.1317917515890954,1.3180911119657737,1.282073840166382,0.6337346324843111,2.5750796441297985,0.1683003693779515,0.17644657240508363,0.17980733805999136,0.20972330807695994,0.209790241944644
4.240051366238426,3.2503888480840293,1.7648256849604629,1.12416458303887,1.3028084470079502,1.269252306655113,0.6305497386016471,2.586135889101609,0.16844574433208626,0.17650609694669767,0.1798392254578608,0.209723923854615,0.2097909021354883
4.247588962337963,3.221274769002981,1.753176442309896,1.118368765106144,1.2903790176610408,1.2584905574068623,0.627836457051299,2.5947758860161807,0.1685627151327309,0.17655130342161193,0.17986377504053797,0.20972442972487726,0.2097914546713801
4.254560677314815,3.190317652191914,1.740087997541192,1.112101998734358,1.2796997151981362,1.2486365354781042,0.6266732539740654,2.6024722888904583,0.16868499524930092,0.17660077897411955,0.1798889945800436,0.2097248666702308,0.20979206105844214
4.261648398171296,3.1420842348676623,1.7154671691775598,1.1009523460524535,1.2710867772553827,1.2388484188630393,0.6309616326699348,2.611275258282411,0.16887892838071952,0.17669653107295502,0.1799309645832124,0.20972517657089929,0.20979284574010199
4.268903840613426,3.0796200548163775,1.681149025783948,1.086057942217838,1.2655207263637724,1.2296066462149096,0.6406549886026275,2.621502972196659,0.16913295733416445,0.17683396479684102,0.1799880984581085,0.20972533395917195,0.20979352383083066
4.276185055173611,3.006765298551978,1.6393194000446623,1.0682429264611348,1.2634862719364592,1.221518679885744,0.6549845656949115,2.6331068650868983,0.16943018603740348,0.17700411353234036,0.18005858270845065,0.20972536390013297,0.2097940772887568
4.283362132615741,2.9268224091125474,1.5921488680827678,1.0481621920662978,1.2646450117991976,1.2148672407541945,0.6730361918151049,2.6459580857693887,0.1697562820893735,0.17719731230738728,0.18013960118028577,0.20972529734941708,0.2097945513599993
4.29123406037037,2.8312731299541887,1.5350999087221961,1.023800820943123,1.269140971333671,1.2090613632412293,0.6969559362916897,2.661771744621999,0.17014551373408926,0.1774316737109589,0.18023904427397744,0.20972513076438543,0.20979502742427952
4.298284427141204,2.7653036592385503,1.4900341893085738,1.0040863290947224,1.2738628302531552,1.2054568340650875,0.7169491712873799,2.676252997371157,0.1704214550542468,0.1776217525608968,0.1803236826485159,0.20972499083286317,0.20979507602089362
4.305724826759259,2.742107076004647,1.4590863123831335,0.9877417942819411,1.274225789116525,1.2030824696942315,0.7295299262982704,2.6900713955670508,0.1705175412541407,0.17775384497590377,0.18039911360641417,0.20972511421677667,0.20979493448993705
4.313376864583334,2.755147340556046,1.4425564090494354,0.9735165586273726,1.2667536094740701,1.2007635674953205,0.7341981716242858,2.7027642448705507,0.1704614185141815,0.1778229219689005,0.18046489257989295,0.20972556258224775,0.209795025676578
4.320982700358797,2.79583395124547,1.441715785122308,0.9631630534654604,1.252111861826847,1.1972891094491886,0.7319151305539511,2.7138880996897843,0.17029079398025437,0.1778250653437159,0.18051296943517176,0.20972626571116865,0.20979530266816107
4.328289484791667,2.8540554198951327,1.4552748633751056,0.9582515366644128,1.2334141326141008,1.1920846854962543,0.72462999166152,2.7231610347844746,0.17004877388634598,0.17776742883680666,0.18053798861981366,0.20972710535904815,0.2097956712368754
4.335254348726852,2.9229062459059905,1.4803299453045673,0.9590116004480971,1.21337990487702,1.1851341010330216,0.7142626291886341,2.7306469090372243,0.16976514908638995,0.1776628744933369,0.18053986396400298,0.20972798968007345,0.2097960877645225
4.342366862881945,3.0189924566115582,1.5187536650140554,0.966077952276308,1.1923160293848567,1.1760618365393332,0.7009549115927496,2.736694120095279,0.1693726235888263,0.1775043192131647,0.18051705378374805,0.2097289282272152,0.2097965458668536
4.350224718055555,3.1547175361821878,1.5775335617302306,0.9818498221929116,1.1702089817107282,1.1639994181657924,0.6844056378816717,2.741251961911261,0.1688180323045815,0.17726278793710948,0.1804604592084449,0.20972994640632525,0.20979711593038358
4.357443306886574,3.299866264179001,1.646714341735642,1.004295306912045,1.1527159970274892,1.151565773297863,0.6689177178425173,2.743240184125511,0.16822532396567833,0.17697908699038886,0.1803767307686101,0.20973079617895485,0.2097976852192511
4.364951546828704,3.4662187088953402,1.7334134440319353,1.036334608431232,1.1390987186038193,1.1380865311674604,0.6538527016452206,2.7427830819313592,0.16754662852339436,0.17662395274401133,0.18025476204293103,0.20973152371449535,0.2097982847143875
4.3734308405787035,3.6680809374444445,1.8479207498397416,1.083688138028329,1.1312506911214422,1.1235223626654216,0.6395285450756422,2.738766214910359,0.16672320496887114,0.17615532721829671,0.1800720057791646,0.20973207445793124,0.20979891302039477
4.3805007388078705,3.8523431980680973,1.9544055923185115,1.1317216008030335,1.1320847773400884,1.1131190154390278,0.6310180482713668,2.7324079003112782,0.16597347622076974,0.1757194003028804,0.17988448852953412,0.2097322559143332,0.20979938199992715
4.388025096655093,4.078946667321713,2.07819339510117,1.1900305818616144,1.1410688311468888,1.105002263267616,0.6266886595375063,2.7227739040118153,0.16504854171690822,0.17521366108897585,0.17965476420209883,0.20973211217296864,0.20979977320395254
4.395795134027778,4.340425007546372,2.2209378645173135,1.259008825362648,1.1595673368439583,1.1009944464200843,0.6271827471594954,2.7095595821419116,0.1639758267209652,0.17463216422242644,0.17938217187807803,0.20973157853979033,0.2097999459869924
4.403150747777778,4.609386900668106,2.3713660529698415,1.333487542092175,1.1860756611186032,1.1022664045731518,0.6318847474070634,2.693909549904698,0.16286412744950035,0.17402103008329017,0.17908776334752977,0.2097307094733931,0.20979986584539378
4.411651769756944,4.942818458825947,2.564162183831324,1.4317829105501132,1.2280812303261084,1.1109398465275466,0.6417131395539015,2.672036554997714,0.16147207494311078,0.1732403322776263,0.17869941873522144,0.20972925245933846,0.2097994520001966
4.418780406458334,5.237514831160415,2.740537157838003,1.5246443019142075,1.2730730170742242,1.1248942071130128,0.6529988297826518,2.6507557863403064,0.16022824947213715,0.17252778987258066,0.1783325022725162,0.20972764250326903,0.20979882928067387
4.425817040138889,5.5177764923882835,2.913588486052752,1.619009421026359,1.32467621712147,1.1443162584684425,0.6677545346072798,2.6285281522301864,0.15903690692298264,0.17182928491138239,0.1779577638680152,0.2097257278545071,0.20979812198369313
4.433357433576389,5.804054524844441,3.0926328513471177,1.720094240719031,1.3862235160876686,1.170995354907197,0.6869491030381389,2.604164224254566,0.15782119099867375,0.17111174611782995,0.17755701326563927,0.20972335469297934,0.20979706485323546
4.440428750844908,6.064222817382679,3.2547180927761006,1.8139922727606757,1.4487130067681007,1.2012424908577846,0.7069503648183018,2.5811388028916906,0.15671765785507674,0.17046709929831633,0.17718706640987283,0.20972091450234132,0.20979577613757744
4.447530618425926,6.320516319485222,3.412453620183083,1.9065835466379502,1.5148936475316959,1.2362476669367073,0.7279467626618207,2.558156831722443,0.1556326794873555,0.16984445945782645,0.17682466108763714,0.20971833640548374,0.20979425236056576
4.4548149007986115,6.580330342118614,3.570021507435614,1.9993733880329643,1.5851364633970073,1.2763528860804003,0.7495515232063992,2.535027897001631,0.1545362735619245,0.16922743454306965,0.17646377316745068,0.20971561921826173,0.20979250203698713
4.462171193807871,6.84347030049628,3.727412937227087,2.0916077315465285,1.6577149397840767,1.3206259606603392,0.7706125604962634,2.5122965158568267,0.15343269479323518,0.16861806901181958,0.17610784037645683,0.2097128357850349,0.20979055484991005
4.469454789988426,7.1169846720381775,3.8901027587353725,2.1858033956494216,1.731885127672657,1.3684028949061127,0.7895060052501299,2.490128978106475,0.15229089433859194,0.1679969709544532,0.17574766804926495,0.20971003305959002,0.20978840846823707
4.477163568159722,7.419575706809818,4.071943779797407,2.289970661970336,1.8131519456699896,1.4229466070202688,0.8069599393854281,2.46717040237754,0.15103496308694758,0.16731453838572274,0.17535213733729238,0.20970700512922233,0.20978599447575244
4.484716426724537,7.726744257109823,4.260535375999828,2.3975175585073956,1.8959497277904978,1.4801208289372971,0.8214151094692325,2.445348932068999,0.14977167806555716,0.16662378548756293,0.1749467871181036,0.2097039493145465,0.20978349244038388
4.492900213692129,8.069491216107272,4.4770966040132825,2.5212688091028777,1.990019597468303,1.5462310536251085,0.8341175781839484,2.422598666713256,0.14837934063690406,0.16585702386896128,0.17448465103823962,0.20970050497517415,0.20978061028837758
4.4999999988425925,8.373986032811153,4.675574243924848,2.635400764258264,2.07603874408397,1.607265393449149,0.8426810036111728,2.4036932495329735,0.14716021299101337,0.16518308633617385,0.17406293900092168,0.2096973807586999,0.2097779526985423
4.507220726574074,8.624366118249329,4.873435069129026,2.7523511295795995,2.1665297392585896,1.6717958894983223,0.8500793211162958,2.385789487639531,0.1461483456223362,0.1645338151894128,0.1736326224280414,0.20969410482155776,0.20977523062172532
4.514657705289352,8.776449361448908,5.046446742654352,2.8652742957597352,2.260352513010344,1.7395430858909668,0.8573011321022617,2.369216469733813,0.1455516782616909,0.16398711312913247,0.17322068392685652,0.209690705970981,0.20977238648578525
4.5219579188541665,8.850873040209613,5.176907642608483,2.963862755234086,2.35129740850548,1.807029667151122,0.8638831467513807,2.3547221596718195,0.1452676594658776,0.1635872461854549,0.17286426115686648,0.20968742543536867,0.2097695038897706
4.528927137268519,8.872460805174006,5.263929255804158,3.042622829184425,2.4346987686859007,1.8717250036055997,0.8696085632338263,2.3424552206703577,0.14518961474608322,0.1633245016234708,0.17258130521587728,0.2096844375038599,0.20976671790137974
4.53669206125,8.856026596665009,5.320873130366532,3.109943849983141,2.520719308013012,1.942931703807113,0.8753303100137968,2.330498722276292,0.14525791560175827,0.16315082113584758,0.17233991480061045,0.2096813738312407,0.20976364439120407
4.5440019256828705,8.813522216981674,5.3418680388114135,3.15354110856146,2.5927600022844746,2.0079162855612998,0.8800069305895369,2.3207367662134493,0.14542615358332905,0.16308239320525902,0.17218366482934544,0.20967881899926047,0.20976082393198278
4.551321220983796,8.762206940357814,5.350357929687684,3.188127418907487,2.6574033295173223,2.072169622390863,0.8822231082019169,2.3116375246269936,0.1456241874873104,0.16305355456308956,0.172061804759217,0.20967655545883365,0.20975791844990843
4.558326602905092,8.70979422762926,5.3518716135743265,3.215344644121941,2.7123974353092093,2.1323195571357467,0.8817830264732789,2.3032901620626944,0.14582125388112194,0.16304411143398373,0.17196559454106683,0.20967465423590267,0.20975522610281733
4.565860666018518,8.650790546887354,5.347375613669298,3.238551948300411,2.763774465784584,2.1942111537031908,0.879029020653873,2.2946029190770814,0.146041744215267,0.16305126237025847,0.17188285480284016,0.209672886738302,0.20975249628465012
4.573779388287037,8.586349142205835,5.337053570644638,3.2570185610481563,2.809476326314138,2.2550057100927616,0.874163929292056,2.285639225629403,0.14628322195391902,0.16307512356300402,0.17181630118660846,0.20967131470007044,0.2097498199063624
4.581636927847223,8.520054882418599,5.322071564734227,3.270156809782808,2.8470957667812233,2.3102385022894363,0.8678006416007756,2.276724912050463,0.14653321640433095,0.16311300346210406,0.17176828027024638,0.209670018320604,0.20974736842814176
4.588589740509259,8.462796958000375,5.305709367946211,3.278115984013278,2.8745598562166954,2.3545405382852636,0.8611193217639899,2.2686540575913243,0.14675211610676106,0.16315632493357712,0.1717386536017965,0.20966906962949614,0.20974537443491065
4.595704777164352,8.41267674083328,5.288188677310508,3.2835156993046835,2.8976005527230515,2.395329645210167,0.8533600352075511,2.2600550807875437,0.146942980419764,0.16320412439077375,0.17171805009638821,0.20966827177373032,0.2097435066862158
4.604007795706019,8.36183953817521,5.268914235218856,3.287389926263257,2.918788828750892,2.4370978004080377,0.8432638975978773,2.24941062600781,0.14713555186484983,0.16325767134873875,0.17170267847588203,0.20966753511816294,0.2097415526722465
4.612690005196759,8.313954744062652,5.251154033754901,3.289979104519159,2.935466700167049,2.47426966957948,0.8316402442835206,2.2373974957194336,0.14731671899382587,0.16330760687514886,0.17169198162230068,0.20966695172439315,0.20973976070678912
4.621172096111111,8.269744103697912,5.236175684903026,3.2921154689313075,2.947538067222416,2.504617353602687,0.8193508047144922,2.22465332598686,0.14748433390284832,0.1633499903702612,0.17168316708640294,0.20966652645795458,0.20973824048490883
4.62843857755787,8.22691575798473,5.22271616716678,3.292824681220066,2.9551457121179507,2.526124567363681,0.808460864789016,2.2129688726741383,0.14764338994405385,0.16338622349293427,0.17167840703554585,0.20966625314837237,0.20973713816290224
4.636227791053241,8.139072573287706,5.19011004610152,3.2831749582317973,2.958703360369121,2.5431638495326143,0.7984624143941969,2.200302252722006,0.1479861483940025,0.16347498540800717,0.1717068672345454,0.2096660913092223,0.20973629032154803
4.643291827638889,8.027205663129491,5.1400157275925,3.263626269406412,2.956969207199781,2.553518146877846,0.790871909067963,2.188841308617184,0.14843408468454025,0.16361790598142062,0.17176977335833998,0.20966609313243897,0.2097356801985853
4.651686363113426,7.866454872778577,5.055882076861957,3.2263605454869158,2.9477482377855115,2.5598773506283834,0.7831495872346371,2.175360664988678,0.14908365017710648,0.16386664615385366,0.17189331555502158,0.20966632570211852,0.20973514356928027
4.660141596631944,7.683579646227503,4.947607729977151,3.1733707246863236,2.9293062716514457,2.5596863284553657,0.7762978119113182,2.162070269887927,0.14982713414132326,0.16419860820765209,0.17207215538692605,0.2096668602669847,0.2097348470755112
4.66716113287037,7.520846764463265,4.843217238963093,3.118377478819558,2.906324858775437,2.5542461370032403,0.7710412042947541,2.15135418680182,0.15049209221531284,0.16452966365245306,0.1722601613508295,0.2096675568548046,0.20973480975405928
4.674453668136574,7.338335015420751,4.723969875188276,3.0522450329835693,2.874917002582621,2.5433189660993,0.7657255590118315,2.1405787191126673,0.15123931392386483,0.16491986414609244,0.17248888175977928,0.20966853087277126,0.20973497779522782
4.68236304212963,7.124648057219717,4.583714103824075,2.9717570693589512,2.832408139545976,2.5252093226884633,0.7599005888033784,2.1293529074733337,0.15212003809961572,0.1653937731153285,0.17277031915727392,0.20966987093620423,0.20973541451445674
4.690495243668981,6.893174058139969,4.429609548254635,2.880899473206665,2.7800518294732828,2.4996889623737797,0.7537012163517578,2.1183741792386703,0.15307959728009826,0.16593194925645804,0.17309158445325803,0.20967154209692643,0.20973614961177672
4.698162568738426,6.667600737799196,4.277513339110356,2.789136823249547,2.723354707499778,2.4692902783538084,0.7475357046742493,2.108589279535478,0.15401943981236885,0.16647929032736633,0.17341952065806873,0.20967336999868405,0.20973710609818164
4.7065162745833335,6.4165717951903085,4.106995653221031,2.684125320893763,2.654457339200215,2.4294433170734733,0.7403318224028952,2.0985871777409337,0.15507008740109354,0.16710953277627777,0.1737986749767322,0.20967561147378336,0.20973843028150568
4.713698783946759,6.222726343185836,3.967556659183134,2.5963910928123894,2.5904211964750044,2.3906653244242078,0.7318186088473699,2.090033542879174,0.15589758553851488,0.16764135104224787,0.1741216389547418,0.2096777220339831,0.2097396154763087
4.720874213182871,6.101312562989465,3.8604558682350216,2.5244532235477695,2.5241505655770156,2.349315863161004,0.7169796948376447,2.080191949942544,0.15641467707093046,0.1680578112696396,0.1743907552790597,0.20967997202238686,0.20974077142803643
4.72800961880787,6.035620501609867,3.7882545862238346,2.468955653714553,2.458171854406637,2.3051657313686262,0.6970298512809852,2.068995483334444,0.1566901768529106,0.16834085723454717,0.17459988572784857,0.2096822580366691,0.20974217804581502
4.735757251319445,6.0079464293241225,3.7471211001752023,2.4284673321086885,2.3902878151305833,2.2542710689693233,0.6714110249531177,2.0551188822654867,0.15680154695601423,0.16850354725609623,0.17475366574555645,0.20968464067675163,0.20974393298948363
4.742835388425926,6.009347939718037,3.7394016171695053,2.410468239466037,2.3356668616008083,2.206590800271347,0.646076058643946,2.0407392321062368,0.15678898866495866,0.16853576225857206,0.17482349313441817,0.20968658290386094,0.2097456275822199
4.7499999988425925,6.027344095866365,3.7552830667111543,2.410449615414308,2.2910026470645257,2.1594585629944913,0.6199324176355029,2.0244016102581064,0.15670567419902945,0.16847615004130517,0.17482632986742108,0.20968819909792968,0.20974731648244946
4.757516256574074,6.037420184167103,3.770092584669856,2.414691804572816,2.2558460578059605,2.1127462465848414,0.5971491872217405,2.006661837373724,0.15665258988608147,0.16841205238303505,0.17480662104277883,0.20968946687792872,0.20974930363015962
4.7644932640625,6.027123252250221,3.7656003021070132,2.410312296332114,2.2302697694020677,2.0727545986928377,0.5831614307013332,1.9909335665100931,0.15669828815245845,0.1684256010278649,0.17481812179705175,0.20969033106901044,0.20975105551683165
4.771629028518518,6.003563590257483,3.746586671399914,2.397896268817772,2.2085480838966967,2.035985726900252,0.5744765436928799,1.9757313437103117,0.1568047361130684,0.16849769058877598,0.17486045593042046,0.20969102554458505,0.20975253974145083
4.778731891469907,5.970927654654071,3.715782187755133,2.377618864470447,2.1889730198022797,2.003345183500929,0.5700161401637405,1.9616730398003799,0.1569507306701216,0.16861685608984103,0.17493321785353824,0.20969163644851008,0.20975378551095483
4.786973101770833,5.9248717494720315,3.6682807683989505,2.3448585427727116,2.166214710611189,1.9694261218462248,0.5684847106895329,1.9469513488493821,0.15715455220560448,0.1688018354260424,0.1750530220055316,0.20969234712196969,0.20975505591329913
4.79412123681713,5.88116743120718,3.6202938793931714,2.310131667815195,2.145047670234192,1.9424601591045432,0.5691105805596397,1.9356854484859467,0.1573485247980742,0.16899075312874534,0.17518187116311337,0.20969301657345135,0.20975605128309302
4.801544605046296,5.85096421439909,3.5793398062484063,2.2773826057103856,2.122488032482058,1.9171063765752951,0.5685402717526886,1.9247134237663752,0.1574843296461483,0.16915522470556033,0.17530619234844358,0.20969376213571703,0.2097568344477202
4.808725582881944,5.836553558661598,3.5508699516706543,2.2510104751371585,2.100683063987908,1.8946154844438006,0.5661136931978625,1.914668403530661,0.15754868206062317,0.169269603595189,0.17540686338820644,0.20969451492067367,0.2097575798500303
4.816023652986111,5.83263866585767,3.5318952241280654,2.2296575080408276,2.0790585842779468,1.8732036504160188,0.5621393385896027,1.9051066066389362,0.15756724122739918,0.16934592527178527,0.17548828220456292,0.20969527360005671,0.20975836659241726
4.823150203402777,5.836353189015184,3.5217544149790756,2.2142519713553153,2.0593228220017044,1.85348219875356,0.5572663039316433,1.8964297004179282,0.15755323377085845,0.1693871189264633,0.17554696360342686,0.20969596909729368,0.20975913236651744
4.831287793252315,5.847047727130633,3.518497495077989,2.2029994851668686,2.039500918260616,1.83249209438064,0.5510350430301387,1.8873175653581236,0.15751006505874593,0.16940128371002375,0.17558990411216996,0.20969666951468016,0.2097599694451718
4.838619269027777,5.857526071808893,3.518507209831951,2.1962823867994548,2.024486358907384,1.8149748289566365,0.5457138467480457,1.879973871684615,0.15746637233902444,0.16940075050922865,0.17561448529848642,0.209697197500571,0.20976072941225626
4.8459380052199075,5.860709856072724,3.5129786083239325,2.187600226470023,2.011349381487972,1.7984000146410712,0.5421988254874722,1.8738712880783737,0.15745617262808553,0.16942183213967682,0.17564554102075391,0.20969763932607188,0.20976151264283358
4.853597371898148,5.858154019526995,3.501901397172379,2.176204640418712,1.999128350015436,1.7822584183906895,0.5402240789289757,1.8687606744099,0.15747207167493749,0.16946554583310178,0.17568701339662954,0.20969803472964538,0.20976224177250877
4.860565640543982,5.851938232493057,3.4877349843684997,2.16365025644226,1.9888575170991862,1.7686891914400242,0.5395866853672074,1.8651996428908113,0.15750328452473789,0.169521849435158,0.17573338890012646,0.20969836247274004,0.20976283634634568
4.8682464700231485,5.841819455867014,3.46826959281639,2.1473478819293637,1.9778344431778927,1.7548257763070514,0.5397971860092814,1.862435788062482,0.15755134386813563,0.16959931643079232,0.17579412445604195,0.20969871458725803,0.20976344305269454
4.875227777523148,5.830269760127661,3.4476453633464006,2.130405651286976,1.967630297894332,1.7430032850642194,0.5405703735371172,1.860951012693972,0.15760471633647238,0.16968142298835742,0.17585755293903904,0.20969904272689988,0.20976396801494035
4.882356791365741,5.816870146990685,3.4249686927840126,2.111700607054967,1.9568048653666035,1.7315324038958417,0.5416124244002652,1.8603783576642456,0.1576658084696584,0.1697720447758686,0.17592801439598793,0.20969939472501214,0.20976447572525847
4.889799562743056,5.801593496552803,3.4003237677828024,2.091233542705573,1.94498169335741,1.7200225626412682,0.5427424647861065,1.8607363698775448,0.15773455859308805,0.16987045978778048,0.176005314506794,0.20969978467867792,0.2097649945154742
4.898624230613426,5.781956165737339,3.3698364846507065,2.0658905023982417,1.9301925666213933,1.706686408721737,0.5441029266682419,1.8623937629590162,0.15782216241874272,0.16999218142794992,0.1761011586464148,0.20970027710216288,0.20976561699392457
4.907304620046296,5.761145814819412,3.338620260771065,2.0400414241196296,1.914887663404504,1.69365723191689,0.545479656894435,1.865291616006904,0.15791441369893833,0.17011687561744168,0.17619905990301257,0.20970078972698453,0.2097662414096917
4.9145231565625,5.742741227065106,3.3118022707029025,2.017982488741952,1.901682380300586,1.6827815272248148,0.5466798192889805,1.8686305849224554,0.15799562666030337,0.17022408406561124,0.1762827465979515,0.20970123394453868,0.2097667712713323
4.9220289972685185,5.718941774666558,3.2817596775333806,1.993890371686576,1.8875051739809057,1.6712742610956552,0.5482442969804606,1.8730292950897571,0.15809778211689252,0.1703435138628424,0.17637388178031166,0.20970171105434451,0.2097673590135133
4.928994409351852,5.685484143302093,3.2485476070896597,1.9689616059371184,1.87379526828845,1.6601780821648615,0.5505372724878007,1.878076693304433,0.1582412833719366,0.17047547990537903,0.17646802733401942,0.20970216722999213,0.20976795081858682
4.936775258900463,5.63776820429339,3.2052828047948543,1.9382991886700154,1.8579035576785312,1.647388143898027,0.5539744096753233,1.8848034340175803,0.15844586859896773,0.17064794451501408,0.1765841952673643,0.20970269439879366,0.2097686176111705
4.9449122103125,5.578864693328867,3.1535931974730658,1.9031314131718267,1.8405845878233091,1.6336424385518287,0.5584048009307648,1.8930502606199244,0.15869774688936644,0.170854518007275,0.17671794114036377,0.2097032723350931,0.2097693256767427
4.952024067523148,5.521427342635639,3.1036730329795805,1.8699340408925733,1.8247740745974435,1.6213392793719081,0.5628887740367977,1.9012626449445542,0.15894274116694682,0.17105440038889355,0.17684457641569812,0.20970380404233685,0.20976996178045154
4.959004324201389,5.461013816131974,3.0510902767040537,1.8353874231960083,1.8086169395957536,1.60900762446788,0.567798586788306,1.9102230459972078,0.15920120660113454,0.1712655094941843,0.17697679890793958,0.20970435124948278,0.20977060452029603
4.966424702673611,5.444677735816502,3.005191641121788,1.8025712765853783,1.7910060700173027,1.5964489202408694,0.5712228175083567,1.9202290896930068,0.1592886787670873,0.17145442227712504,0.1771052694786677,0.20970496741772496,0.20977111484401798
4.974139358587963,5.502374653517372,2.982080083667371,1.7766071131626915,1.7722303596278377,1.584128991335277,0.5715429394454341,1.9307893659414623,0.15905580214386245,0.17155192121148344,0.17720833664523916,0.20970565717126527,0.20977162564134696
4.981790226712963,5.616875761325147,2.9870627869729898,1.760247234405539,1.7535412696237485,1.572151487239644,0.5693692478888488,1.9413842090542093,0.15857931763449917,0.17153605495640853,0.17727410458067136,0.20970635323772188,0.20977220858412685
4.989706705694444,5.780642845305586,3.021666914118349,1.7551534884832205,1.7357461022781655,1.5598823227900276,0.5653173822641318,1.9524048548063426,0.15789337441987608,0.17140137345564044,0.17729631305526034,0.20970701907966233,0.20977284867809315
4.997397909814815,5.973171498882994,3.0820556840004523,1.763055219193554,1.7219059642912375,1.5483933891291635,0.560241694061771,1.96307474226,0.15708603240646354,0.17116356388807752,0.17726838268087708,0.20970754397466504,0.20977346022091498
5.004687689224537,6.158147892082247,3.1564946724645226,1.7807963458862628,1.713416951681492,1.538242983558013,0.5554742361774927,1.9731852422862286,0.15629818632017817,0.17086723185499522,0.1772012325029594,0.20970787494425983,0.20977406149158195
5.012423047974537,6.283202531116536,3.2286635947236264,1.8025738132851234,1.7098336150198186,1.528302591765104,0.5531213217478117,1.9843290573115173,0.1557658117457259,0.17057834261554736,0.17711691187401354,0.20970800772104906,0.20977475561012368
5.02002161068287,6.347735030243451,3.2828499760018834,1.8238893271570045,1.7117878996579265,1.5202274948215764,0.553290185901185,1.9956575127070617,0.1554940227490592,0.17036186880541965,0.17703449695960619,0.20970792994474644,0.20977530004023562
5.027625874432871,6.370043728000344,3.3171931218142903,1.8419004122832314,1.7181402475887189,1.5143628349717995,0.5554042452552048,2.0073215023354356,0.15540059972098286,0.17022459158625033,0.17696510998038215,0.20970769700056502,0.2097757049147403
5.035095858796296,6.361765207786115,3.331726768996079,1.853981866128403,1.7270618804638864,1.5108467836653765,0.5589721996429834,2.019071121559919,0.15543514685511767,0.17016600515413252,0.17691860294614956,0.2097073768428267,0.20977599483981815
5.042085713530093,6.33389237820107,3.3296760581039258,1.8591230543736894,1.736419393605113,1.5093663988267088,0.563401979692437,2.030319134457821,0.1555514508102677,0.17017333823144046,0.17689873810987092,0.20970704394667225,0.2097761913269842
5.04960604412037,6.2826744688072935,3.3148644303491723,1.8588626619644295,1.7464512395692262,1.5095188141111364,0.5687233315567708,2.042603930948377,0.15576360687917973,0.17023205796358704,0.17690011839888103,0.20970669169266776,0.20977630479195583
5.056635931296296,6.216447383457871,3.291053405726606,1.8537825557030487,1.7549379943893724,1.510953534437595,0.5738609788579592,2.054198776995302,0.15603934147183462,0.17032630288770614,0.17691995733719298,0.20970639938506241,0.2097763596452176
5.064201478842593,6.13041907989782,3.2553275536254236,1.8430222641591356,1.762315259324188,1.5133365011681137,0.5796022025318519,2.0668067691255123,0.1563986068110648,0.17046783122381623,0.17696141752735525,0.20970614773782464,0.2097764025991274
5.072355358622685,6.02514246173167,3.206642086033549,1.825618100731649,1.7676994298576716,1.5162792893766506,0.5860983180968607,2.080561103400133,0.15683943528909805,0.17066113580278844,0.1770282399911209,0.20970596568985017,0.20977644525724704
5.079782236087963,5.921002418936612,3.1546844694003493,1.80502367182512,1.7700464377316343,1.5188365026780035,0.5923381110607135,2.0932557623537758,0.15727645184919076,0.1708679666811867,0.17710730789521442,0.2097058888149453,0.2097764927828385
5.087211984733797,5.812992970865392,3.098287090335277,1.7811623406509804,1.769891984818334,1.5210499211715252,0.5986203990259097,2.1060718351157885,0.15773202536474343,0.1710939578490621,0.1771995762573746,0.20970590060818636,0.20977653103365795
5.094602562789352,5.712069787632576,3.0456874150199185,1.7580749241383549,1.7672498932525373,1.523197045129354,0.6033911270577045,2.118613165755356,0.15815845639590786,0.17130566382093437,0.1772898309775525,0.20970601170303396,0.20977650107843107
5.101707140868055,5.620907624111326,2.9986261785371155,1.7366120954057291,1.7621133448526705,1.524824017469526,0.6065846212056446,2.1304190179985634,0.15854300370634056,0.17149455353282222,0.17737357728738073,0.20970621552160762,0.20977651636937514
5.109330733391204,5.527925222918802,2.9514683443314853,1.7144458854722058,1.7539319943635487,1.5256675340744958,0.6087745791241628,2.1427979148306417,0.15893497772658097,0.1716833464362289,0.17745967858664174,0.20970652590940536,0.2097765963786785
5.116500945694445,5.443875098318476,2.909884944745771,1.6945900979567925,1.7441853100710134,1.5253689444482057,0.6098882382906028,2.1541450086420846,0.15928916677182584,0.17184953860029956,0.1775365667353037,0.2097068866911419,0.20977672223302127
5.1249999988425925,5.347269352590911,2.8634741633322287,1.6723861075490796,1.7307214272858804,1.5235133198275115,0.6102472176293067,2.1671881702306734,0.15969606303362055,0.1720347921171389,0.17762241406604484,0.20970737879894163,0.20977692652159985
5.132309210023148,5.2539433420925095,2.8185680869118137,1.65103093927953,1.7180898691573394,1.520103599122824,0.6115294312755941,2.178386668279257,0.16008427917078244,0.1722115558316339,0.17770317447644032,0.20970782972772417,0.20977727479139582
5.139741464965278,5.140239189420448,2.7620608097187858,1.6245190019941638,1.7050543388859267,1.5148035833007605,0.6154063739508059,2.190163946266523,0.1605605738843383,0.17243601337740005,0.17780362352855344,0.2097082750781299,0.2097777220922321
5.147857021400463,5.000419510122043,2.6900769839224075,1.59111011534204,1.6912165095618819,1.5076029176206067,0.6221485804941166,2.2035085224928634,0.16114723962680796,0.172724132364668,0.1779315682561619,0.20970874582979293,0.2097782016092185
5.155712308009259,4.8540745836645005,2.6120096950333966,1.5547587801157006,1.67808380643955,1.4997203711513039,0.6307716927569992,2.2169581686258266,0.16176078153133894,0.17303799914409695,0.17807195126895436,0.20970920070029983,0.20977867241159948
5.163482816087963,4.702113100450596,2.528512541267369,1.5154206742977345,1.6650225485611427,1.4913148904567675,0.6410741497150658,2.2308375878765454,0.1623965904472682,0.17337456915489677,0.17822463370279076,0.20970966177677158,0.20977916248673328
5.1705752078472225,4.563746341278278,2.4507691121581647,1.4782834187499263,1.652707601980591,1.4834190696227674,0.6511875984278938,2.243904850427223,0.1629771565904386,0.17369006589771274,0.17837016296969144,0.20971010377934748,0.2097795735638742
5.177521058541667,4.4476129621726095,2.3843482886163097,1.445689066395649,1.638991631402962,1.4761330561287624,0.658383078393676,2.2563698781759025,0.1634635436230915,0.17396080250331175,0.17849982139193066,0.20971062111717784,0.20977982117500915
5.185340238819444,4.336879468369375,2.320416071310333,1.4126191430159025,1.6202169590292497,1.4678256056235626,0.6631117123791535,2.269898010609952,0.16392375806728868,0.17421977664537594,0.17863115322673573,0.20971133676139195,0.20978018072274848
5.193046977291667,4.243192016886778,2.26735362720673,1.3836019751781141,1.5982772594879395,1.4588036562199853,0.6647868191050031,2.282700887668465,0.164310641885469,0.17443305478484636,0.17874549439297058,0.20971215904413795,0.20978064583846123
5.201541965810185,4.1525777311646666,2.2188835119776527,1.356052625303911,1.5713703904775886,1.4473878384717298,0.6637706367462614,2.2961696084386403,0.16468292952537325,0.17462646518871905,0.17885341876042066,0.20971315412090377,0.2097812463667635
5.208487227986111,4.085296566223848,2.1857757513111844,1.3369897712593657,1.5482686854612613,1.4367877880082216,0.6610792666044959,2.3066399735254475,0.16495831544836492,0.1747577041985788,0.17892789463477596,0.20971400395045206,0.20978178696553276
5.215877207581019,4.022216910726669,2.156376878797395,1.320133548885992,1.5233516022091578,1.4243376830992054,0.6565055074769006,2.3171523363426436,0.16521681878739886,0.17487370387145165,0.1789938542540349,0.2097149209352813,0.20978238952734213
5.223894747511574,3.9642866001452326,2.130921500409927,1.305605588395668,1.496539232873093,1.4096262163481015,0.6497320138863203,2.3277089793169847,0.16545298529522284,0.17497323492171651,0.17905082677800524,0.20971591247015753,0.20978307920517675
5.2315844260532405,3.915510811077191,2.111817879748349,1.2949118234951624,1.4715763657057657,1.3945399328292911,0.6418455272220254,2.336920705876361,0.16565112255880682,0.1750470002210488,0.17909284667681938,0.2097168404042101,0.20978377622906866
5.240237991608796,3.8653462428011336,2.095211838223606,1.2862014364613281,1.4449384085353505,1.3767480842854534,0.6317844282826902,2.346105246625815,0.165854452463421,0.17511010915108413,0.1791272336412682,0.20971783709523287,0.20978458617283707
5.247365590081018,3.825999272461273,2.0844005154600067,1.2812811682421146,1.424482254021159,1.3617325973075058,0.622865134155647,2.3526408169119306,0.16601379250334886,0.17515048845198544,0.17914685875215286,0.20971860881951088,0.2097852607634131
5.254393859293981,3.780747779757481,2.0715861355778435,1.2762496749481878,1.4060616197138247,1.3467509070268058,0.6150470585658467,2.3584454345747354,0.16619375247022916,0.17519678648221892,0.17916557114745255,0.20971930701892108,0.20978603019275804
5.261506601030092,3.7072092317209226,2.043302374124948,1.2649130177852035,1.3903189064667318,1.3315394274733603,0.6128080751746892,2.3649984737712395,0.16649146490810351,0.17530510250481554,0.17920636287273486,0.20971986203331067,0.209787007509774
5.2687169527430555,3.61181747643938,2.001268832529619,1.2482625563753698,1.3779303457530734,1.3168473571720045,0.6159019257960958,2.372550712018661,0.16688140913605967,0.17547177246198814,0.1792685221924328,0.20972026212209283,0.209787870780649
5.275762343310185,3.504836038248262,1.9496580099507934,1.227607025135782,1.3691634529616237,1.3037257122726083,0.6232382215190658,2.3809172371848875,0.16731970117667722,0.17567962957762523,0.17934816357047464,0.20972053559723608,0.20978858286892033
5.283827612916666,3.3711536617995077,1.8805508123271797,1.1991307926044856,1.362350261283953,1.2904617146305055,0.6359950392849386,2.391832356014441,0.16786726305350913,0.1759599715092981,0.1794600455739183,0.20972075236924337,0.20978930343426674
5.291666698842593,3.2337218947029696,1.8059604729740932,1.1673999132943655,1.358271325578529,1.279349618344968,0.6522963453775954,2.4039504556819042,0.16842955866737797,0.17626361684574487,0.17958601448158557,0.20972089222489354,0.20978994968445983
5.298652511006944,3.145273727746639,1.7485331372036048,1.1421646990233731,1.3544485760547573,1.271393286369222,0.6640268261780008,2.4145454631150405,0.16880152077222413,0.17650337709460903,0.17969112267286982,0.20972106066650167,0.2097900858449899
5.305682153587963,3.1170117952839567,1.7112436674008267,1.122598335769034,1.3459428051659201,1.2649125734174802,0.6672909515649776,2.4233819816483106,0.16891997098615905,0.17665984297266385,0.17977671160769573,0.20972148668953894,0.20979007169613048
5.313240635625,3.137924684772452,1.6930272767080317,1.1062850129133674,1.3292547615333858,1.2579051217507067,0.6625489459907654,2.4308546659488335,0.16883293463747762,0.17673495088234165,0.1798483668708729,0.2097222474548387,0.2097903050897692
5.320910210949074,3.1995051064684503,1.698456506340133,1.0966762198991573,1.305837737695841,1.249183078108391,0.6508723223869046,2.4362579988140034,0.168577550534868,0.1767111448249997,0.17989162700097527,0.2097232524500458,0.2097907527978937
5.32815807068287,3.2846639333948335,1.7252390575434156,1.096199324516667,1.2807907378350087,1.238687522576578,0.6353055531588,2.439256254214731,0.16822560939039033,0.17659958778916104,0.17989778514824095,0.20972430923415336,0.20979129414151163
5.335304242453704,3.3875152179157313,1.7701579658022804,1.1051147749827521,1.2564065729272536,1.2261659971406125,0.6174290001103893,2.4401008828438306,0.16780263576114493,0.1764136595502277,0.17986658818975385,0.20972535000068715,0.20979191129070862
5.3425934672337965,3.524159653366689,1.828085902077831,1.1216041367309126,1.235072379537941,1.2117318318998485,0.600464518289459,2.439384370818789,0.16724366757382889,0.1761739491815355,0.17980401515454603,0.20972627532282243,0.2097927187778817
5.3499942421875,3.6953004721338636,1.9010123286378684,1.146078952449861,1.219224934369916,1.1966388640057408,0.5860182770961658,2.4371434348767336,0.1665441835286636,0.17587475759773974,0.17970954190026034,0.20972697608338053,0.20979349974099773
5.3573570341550925,3.890379079813891,1.9891544894335664,1.1789253118593268,1.2104919735294828,1.1825556373165622,0.5745469081599296,2.4332454236336836,0.1657469174970584,0.17551539471969277,0.17958286324936212,0.20972740881130578,0.20979415901677548
5.364570939664352,4.100295613118198,2.0902271682416185,1.2195841515272867,1.2092867883647795,1.1708245506876576,0.5660761590693917,2.427692272758948,0.16488756327195636,0.17510460939795214,0.1794261014710812,0.20972756741381168,0.2097946825622313
5.371843326770834,4.327497943553901,2.2059952777471126,1.2691916788337727,1.215720151457779,1.1620471181739482,0.5602233356809033,2.4202717801761358,0.16395428286091235,0.17463491882730026,0.17923454701516067,0.2097274512620647,0.209795071972108
5.3790699792824075,4.569526163852496,2.333092170595609,1.3266579342373932,1.2298792287913256,1.15713996641592,0.5571837191398635,2.411127207592085,0.16295651992639915,0.17411949171400956,0.17901183779190613,0.20972705019442353,0.20979531844489288
5.386840081423611,4.858727591535132,2.480135005982645,1.3952490089138228,1.2534495633189247,1.1566798191001808,0.5577739229736498,2.399807858393909,0.16175679519029648,0.17352448101086448,0.17874482430311842,0.20972628778401087,0.20979543280204027
5.394489721319444,5.169428327656085,2.638112623525183,1.4701284311587073,1.2849234421939917,1.1616164333668997,0.5618809518133904,2.387289973778686,0.16045851826329094,0.17288792311907442,0.17845336522892744,0.20972520521156368,0.20979528942406772
5.4016856603703705,5.481246899589303,2.799708148824925,1.5478512365804522,1.3219284118633143,1.171481598441038,0.5684299905572913,2.374371267958425,0.15914833010483434,0.1722395326678024,0.1781514471227978,0.209723901091294,0.20979491337465062
5.408979488043982,5.813629485031889,2.9763503253081662,1.6342896997399403,1.366694268239664,1.186877009637319,0.5772341060336483,2.3602697328692193,0.15774812032194635,0.17153404837255343,0.17781645849216257,0.20972230522218274,0.20979429766765018
5.415960176527777,6.144965565961038,3.157154988718934,1.724540127731839,1.416395385606644,1.206864094415327,0.5872821910380797,2.345953278494611,0.15635285476441865,0.1708160361743857,0.17746765929808078,0.2097205213784669,0.20979348546197993
5.42326063,6.548320508281558,3.3682817054785885,1.8311647294769737,1.4766939080025077,1.2340429266187536,0.5982109412443831,2.329743832436831,0.15467813618229187,0.16998843217960508,0.1770592550505855,0.20971836101538324,0.20979227810690837
5.4306579333217595,7.064900621114524,3.628180941344824,1.9601380051780244,1.5492262733509856,1.2695506955527311,0.6083500978061661,2.311422840999576,0.15253248424448967,0.1689829666388009,0.17656879514735127,0.20971579773063767,0.2097906822406749
5.437783697280093,7.644503721774144,3.931490288732325,2.109273676920805,1.6324277504860998,1.3123448035154759,0.6173638586936863,2.292114736730242,0.15015080330183853,0.1678343011120776,0.17600536540962317,0.2097128691926972,0.20978884090689268
5.445305815405092,8.325801535013474,4.313042962255757,2.299449027172806,1.7383976159910859,1.368373057706561,0.6262490788695586,2.2701407814423016,0.147415259205748,0.16644643727392555,0.17529408902632204,0.2097091319892195,0.20978647275153858
5.4526322315625,9.044828789512096,4.7479591601069,2.5226267736264516,1.8643301171794135,1.4361252763448122,0.6343257390109077,2.247361435583061,0.14463435731430382,0.16497468232975804,0.1744720915135389,0.20970469011265955,0.20978362075323628
5.459665859247685,9.771900829119543,5.225774564172327,2.776404275915489,2.011055215260598,1.5163360786776283,0.6414758512562427,2.224450021083695,0.14195334739494095,0.16352223558851509,0.17355640603867561,0.2096995346556525,0.20978025611092813
5.4669962901620375,10.349954795262555,5.741415289311233,3.0700399356623103,2.1903817493533433,1.616316953749656,0.6496925739249743,2.2007432291190883,0.1398987611288882,0.16214698965449162,0.17252245462596863,0.20969325547263853,0.20977622699676174
5.4743866684375,10.704358016102296,6.2131374643252455,3.378612023564847,2.395639993995986,1.7349025577577708,0.6589435856381843,2.1777355622378263,0.13871909361171889,0.16107352552561374,0.17147595664811563,0.20968612826806898,0.20977142258055187
5.481736886435185,10.896102197369576,6.605240334884836,3.680229361565434,2.619413657948743,1.8714846093584472,0.6684307013074531,2.155929075879535,0.13810521029202422,0.16031057668391854,0.17050057338048874,0.209678487225049,0.20976584291312905
5.489162991550926,10.976388101841037,6.915247980353059,3.963449394311222,2.8571427991068217,2.027434518212672,0.6779026525006323,2.135131021077113,0.13785069061227234,0.15978118408950714,0.16963495918044624,0.2096705438687682,0.2097594916268602
5.496201650763889,10.97949791194343,7.132124645341125,4.201745726532998,3.0845102624134393,2.1893271423296827,0.6867258194807468,2.1166195861171757,0.1378361317253696,0.15944189735288677,0.1689497144878905,0.2096631245578019,0.20975295351594792
5.5031878958912035,10.931731371398877,7.278682562687341,4.402121023594489,3.3034827470866013,2.3593015694349497,0.6956732880179681,2.099457388463318,0.13797722568276308,0.1592189045374349,0.16840524553539177,0.20965614924166348,0.20974617810048177
5.510592928564815,10.82695957632851,7.354305632170316,4.5607516567979465,3.5151722801477936,2.540234349160905,0.7069555168265584,2.0830902737959573,0.13830385855049548,0.15909131837551813,0.16799293678012917,0.20964955643749922,0.2097391330024842
5.518479251689815,10.66969715910645,7.356915338624311,4.668987766885809,3.70924065073326,2.726431940906902,0.7211840837112582,2.0675762917930602,0.13881165087571004,0.15905527649292844,0.16771912447025,0.2096436539090315,0.20973191722000262
5.526490461053241,10.476211515031178,7.293106451767669,4.719756634792826,3.8684133603132747,2.902250799922882,0.7376167552055587,2.053523475581892,0.13945225738492648,0.15910427444936143,0.16758608424220892,0.20963891735444523,0.2097251280110724
5.533906513275463,10.275306272713765,7.186758755599523,4.719207544704208,3.9796218326151713,3.048218817012732,0.7542077185859763,2.041789120640139,0.14013226372079252,0.15921706034971458,0.16757321274656256,0.20963565293370223,0.20971951701681507
5.540857772685185,10.072627157167302,7.054556841494771,4.682479150940691,4.052262509720594,3.167339935457104,0.7706185082454807,2.031717668738953,0.1408319308344657,0.15937801596625076,0.16764532898327839,0.2096335196578172,0.2097149476324071
5.548019274421296,9.859941280891178,6.890836089625743,4.611505592125676,4.0957997612281085,3.269531235869628,0.7883364736149455,2.0222335379230985,0.1415843485374586,0.15960074776748112,0.1677998216202746,0.20963219959039506,0.20971103811715988
5.555618029293981,9.640763923166512,6.6937324436417835,4.503332728605531,4.108838522740271,3.3532153719621784,0.8080602521814871,2.013204491370929,0.14237310713965484,0.15990178300531918,0.1680519992560787,0.20963170489070732,0.20970780703198955
5.56336374724537,9.419642346423181,6.476937275367656,4.366048726639755,4.0906647686051665,3.412521439447331,0.8286110709018062,2.0050270919117974,0.14318096464197638,0.16027333890638584,0.16839308065957104,0.20963205937244936,0.20970542225087652
5.571343554942129,9.19050843221537,6.242586671382046,4.203600783866861,4.04328421697198,3.4473634072719417,0.8496607606885934,1.9976673126254811,0.14403013522129426,0.1607231606951559,0.16882260956724,0.20963322053829486,0.20970387694317033
5.578488184050926,8.98214872361231,6.026221481623513,4.045352463169019,3.980172832290723,3.4575517908693274,0.8679409189186725,1.9920174948423304,0.14481210790553478,0.16118374230762325,0.1692652783539398,0.2096348544194241,0.2097032246665853
5.585534444618055,8.77618694871649,5.809628410699329,3.8820252746792447,3.9022948633163743,3.450135624532031,0.8849174026797917,1.9873132851030142,0.145598867850495,0.16169037155268812,0.16974581749090675,0.2096369371584769,0.2097031789801271
5.592947433530092,8.610464723052182,5.599510200934141,3.7168149700251276,3.807302273881264,3.4277934430783104,0.8986853309647109,1.9826046040667005,0.14624442078866295,0.16223033685004518,0.1702561889470509,0.20963956432988495,0.2097034885774945
5.600502091678241,8.498229588334588,5.415063142843867,3.560953498963916,3.700281379156316,3.3911333886409394,0.9074928042121168,1.9778406957291836,0.14667935690602646,0.16273961083424293,0.1707552940643139,0.20964261634189513,0.20970434510236072
5.608699984976852,8.423789631270509,5.251411387414715,3.4090089008971542,3.57706913710386,3.3367079665467827,0.9114158171303613,1.9727301782215534,0.14696697306773987,0.16321883738970824,0.17125655439461931,0.20964621899079533,0.2097058887744805
5.61594814724537,8.38743364186797,5.137535788101161,3.291681799697138,3.466273920630722,3.277634682621605,0.910345948332756,1.9682713222443196,0.14710703659199864,0.16356769034309554,0.17165277400994763,0.20964952835508996,0.2097076964117706
5.623881647372685,8.369904623821753,5.042897560961104,3.182591131949048,3.347270354022262,3.2036658933778512,0.9046202324147401,1.9634639327689327,0.14717435202208706,0.16386772157241972,0.17202789960220538,0.20965315081449737,0.2097100501066259
5.630886952060185,8.34579985651309,4.986302966010305,3.1062749955832913,3.2469076455082906,3.1327183072073157,0.8948541169788862,1.9590603640186777,0.147255077619123,0.1640550142416707,0.17229608312130285,0.20965626123289968,0.20971229818845338
5.637965589236111,8.272707431802088,4.950599997113943,3.05231531915318,3.152491426529866,3.057903361989247,0.8790707589935058,1.9540223300729402,0.14752824515260715,0.1641744030678866,0.17248872675111954,0.20965924664908664,0.20971467132628002
5.645901802511574,8.141375898050708,4.918053389260919,3.0138258189675105,3.057762550896385,2.972533059799586,0.8553302084642332,1.947646752815281,0.14803300602655317,0.16428075292272748,0.17262732893839883,0.20966229394415603,0.20971748386122202
5.653817261006944,7.968668529404673,4.880425573014022,2.9912688045224294,2.9767317436075236,2.8885007977385175,0.8267870921273902,1.940489681632094,0.14870736725568778,0.1644010345068149,0.1727086999032327,0.20966493748840043,0.20972032771144034
5.6619513928472225,7.757156713844402,4.827987077890705,2.976612688497748,2.9075508447308183,2.8060673579500772,0.7941640962247217,1.932248717129263,0.14954439459992555,0.1645688472962232,0.17276092702948545,0.20966722089311626,0.2097231567178913
5.668990109074074,7.55383131207252,4.7666871899182315,2.964480991315564,2.857874910619153,2.7395927093682495,0.7648728686370432,1.92439321916202,0.15036061672068443,0.16476617045419512,0.17280211365185566,0.2096688744174445,0.2097254728974493
5.67636839980324,7.346809687278903,4.673077973697528,2.936661215401919,2.812046739218438,2.6749005778733976,0.7377812603134567,1.916258874212817,0.15120564918582402,0.16507371792062933,0.1728950890076475,0.20967038149877343,0.20972791096021778
5.6834299559375,7.159820944599359,4.563538979061764,2.893720808168344,2.770279004485712,2.6175148554645165,0.7162031571090991,1.9087953837323535,0.1519753367436129,0.1654472056643388,0.173042811080898,0.20967173159064892,0.20973004338478618
5.690975633877315,6.969282684333957,4.434878343839252,2.833500579095969,2.7249299304318084,2.560317028952557,0.6971869630539727,1.9011710572069263,0.1527644795804254,0.16589949755397182,0.17325388464318356,0.20967319181791694,0.2097321058987811
5.699041969756944,6.773573050578404,4.2912240067046605,2.756804776055121,2.6732642001263707,2.5025066721090785,0.6805737000958746,1.8934593917876565,0.15357895579008193,0.1664185647002349,0.17352650184524554,0.20967486210000816,0.20973416311346238
5.706322228020833,6.6023156707374175,4.160161877038822,2.6801150146578587,2.6227722853784092,2.452004248662061,0.6681383318523857,1.8869424932658687,0.15429431428945325,0.16690300557354526,0.17380206739809523,0.20967650446981795,0.2097359639303256
5.713422773680556,6.441828349558625,4.035330796744675,2.602454290657821,2.569962064147059,2.4034423222352914,0.6573647388184813,1.8809350417500705,0.15496813811342477,0.16737377291414643,0.1740843462828684,0.2096782349066822,0.2097376763883427
5.720731278576389,6.288669034183132,3.9162599763784423,2.5248393017140045,2.5126589209447023,2.353765983129628,0.6461380333084275,1.8748342007070358,0.15561165512211297,0.1678291132113196,0.17436906491119267,0.209680135490778,0.20973940619684717
5.728920064548611,6.12807673219137,3.7936215045319304,2.4419159487959683,2.445904616282941,2.2977645686200843,0.6333535975824702,1.8681333991985636,0.1562868479827253,0.1683025009790057,0.17467507523766435,0.20968237005986545,0.20974142043094254
5.73740643224537,5.970491206076529,3.677176562144319,2.3614158725560217,2.3754142610785327,2.2389956307907037,0.6201055497376597,1.8613948032320888,0.15695045706934838,0.1687553687876167,0.17497367906208244,0.20968474479929936,0.2097435931666244
5.745558621215277,5.825117348550741,3.57389708560235,2.289647847236788,2.307982790629216,2.181952562122777,0.6076297151336144,1.855162802309966,0.15756362110745492,0.1691593395570617,0.17524112609832235,0.20968702879822126,0.209745739331839
5.752512901782407,5.7101776323808,3.4921535112629596,2.233084645278413,2.2515989534358543,2.133177676003693,0.5971529346098001,1.8500106181468732,0.15805594049411364,0.16948142394376398,0.17545325726259758,0.2096889480692197,0.20974757986834616
5.760027830740741,5.659936947599145,3.4249096855860044,2.1825108720954787,2.192812938464512,2.0811522791131476,0.5839731613188939,1.8440003978211348,0.15828239672046185,0.16975062053811604,0.17564553416742446,0.20969097621187172,0.20974944162249254
5.767404711122685,5.683353747106436,3.3903167629172097,2.1457519401407783,2.138513779838842,2.031067435092708,0.5692774811899264,1.8374800485399319,0.15819029319643274,0.16989118504978193,0.1757867124454577,0.20969287879374018,0.20975128621612377
5.775520435335648,5.769802666670407,3.3913311748557824,2.12270770087812,2.084941635254326,1.9776994864642712,0.5521206495825522,1.8295669758182362,0.1578291183952804,0.1698912804951097,0.17587683645339708,0.2096947775445828,0.2097533212125082
5.782846803043982,5.887292954940732,3.4259860327819824,2.119749225560099,2.0447865232914326,1.9321571550396557,0.5365413407112448,1.821723624433457,0.15733527745391593,0.16975823774256912,0.17589114363284988,0.20969621906740016,0.20975508893993233
5.790834813182871,6.045938304075431,3.4961951987077597,2.1369829201419575,2.012820166627803,1.8870724877432532,0.5201240202273514,1.8123833335713648,0.15666778542879675,0.16948618998041584,0.17582983788668366,0.20969739151826103,0.20975685289988744
5.797995602256944,6.1791111658052955,3.5709230845779554,2.1637729628809286,1.995675430697627,1.851817153726173,0.5082096157048872,1.8039210210524563,0.1560971366547879,0.16919148415661261,0.1757286527648254,0.20969803349555297,0.20975840196963902
5.805645716875,6.270909333522007,3.635100061199891,2.1910912683254016,1.9872016722914512,1.8199662866846937,0.5011898008407851,1.7959156588080871,0.1557130327696425,0.16893889943214202,0.1756236392801434,0.20969832724643622,0.20975990929466046
5.81301233761574,6.324989027636811,3.6784039166702964,2.213431376530928,1.9866541324471352,1.7955582310135063,0.49877987006037666,1.789298601447798,0.15549346760521868,0.16876978805154183,0.17553787192699244,0.2096983198200891,0.20976100612884557
5.821297899976852,6.358343089721069,3.705617144778436,2.230665239825357,1.9916777040254663,1.7751474264711744,0.49970742217626096,1.7832457809282323,0.15536340846108876,0.16866422017322313,0.17547170608302176,0.2096981095971018,0.20976189343154553
5.829248436631945,6.3714778576526765,3.7128078153493784,2.237594640276764,1.998776235501652,1.7614719427987464,0.5030750503541621,1.778925760366756,0.15531738399412642,0.16863673281270378,0.17544454741868645,0.20969782956652117,0.20976249680654238
5.836345582743055,6.374135215120824,3.708326398443901,2.236818896796213,2.0050370060680707,1.7531467980599114,0.5071394310388294,1.776264101342473,0.15531551784265996,0.16865669383769277,0.17544771779571405,0.20969758608411246,0.20976285195681482
5.8435331734375,6.385422611774277,3.711884590638912,2.2396693098445515,2.012048227761419,1.7490034482320107,0.5091624987601309,1.7738746740405789,0.15527482543481774,0.1686479301240637,0.17544005919746622,0.20969734853961786,0.20976287894657403
5.8505752344328705,6.405440485975484,3.7244821096349963,2.24720898387188,2.0194514773554446,1.7484296111191333,0.5088114284410284,1.771678930966556,0.1551932319651293,0.16860242602205583,0.17541467050620987,0.2096971244252834,0.20976283480217323
5.857774352083333,6.432816547347937,3.7450916249586244,2.2594784063431534,2.027584078946504,1.7505223616274275,0.5066960620665351,1.7695867979074416,0.1550794355021904,0.16852492469790029,0.17537093082275174,0.20969688264509256,0.20976276323477144
5.865458902349537,6.467730621609132,3.774333273461956,2.277623611275984,2.037572684821417,1.755131744663923,0.5032241710633678,1.7674894268114674,0.15493383147900242,0.16841382861462217,0.17530482481169934,0.20969657806886574,0.20976263092191097
5.872662420902778,6.504268489100431,3.807266110696862,2.2991269183088803,2.0488783034090083,1.7614378025090418,0.49940006054947106,1.7655907172352627,0.15478149135199562,0.16828850543614926,0.17522587912927878,0.20969622343559852,0.20976243504046263
5.879698231296296,6.539634633588211,3.8412728895705484,2.322626541767367,2.0619678379762507,1.7691894757061342,0.4958459194601075,1.7638232539970438,0.15463261273513507,0.16815789935354541,0.17513857329570226,0.2096958021501823,0.20976220881739865
5.887570704328704,6.569501766503909,3.8728682097126894,2.3466053668674713,2.078030739235632,1.7789260786632437,0.49348490947395657,1.7622271705082655,0.15450904769030943,0.1680364639488827,0.17504873463571674,0.20969526428948665,0.2097619574742841
5.895726622708334,6.59229566036317,3.8987425512284464,2.3684059756402505,2.09572648959902,1.790234940907551,0.49265961255885693,1.7609247317086947,0.15441698550275995,0.16793790476619277,0.17496735024112567,0.20969465971415063,0.2097615968550847
5.903931984837963,6.609502827096187,3.9186775782565606,2.386922548316202,2.11382714041707,1.8027654351164837,0.4930694569219723,1.7598903107290567,0.15434866715427323,0.1678625819803656,0.1748986185777722,0.2096940396789635,0.20976115111453136
5.911873639224537,6.622463547528051,3.933173936239146,2.401522662128261,2.1308099680807318,1.8156917776127073,0.4942806377696902,1.759095440650291,0.1542978661936036,0.16780820856421014,0.1748446829268634,0.20969345894562313,0.2097606730182297
5.918987038101852,6.630828243239996,3.9419809636172554,2.4114209099285393,2.144952313375734,1.8274936673361024,0.4959617742854677,1.758566684134343,0.1542642733735913,0.16777427399631623,0.17480756718771026,0.209692974726677,0.2097602462356877
5.926302935266204,6.622827274512072,3.934749706048129,2.4109252691272567,2.156320210312299,1.8379565135054028,0.5000420808826473,1.7587859727803923,0.15429976153273012,0.16779883853867836,0.17480673668440808,0.20969256360985974,0.20976000873773312
5.933405730613426,6.59909199609555,3.911330691967435,2.3992256744564413,2.163317364109144,1.8459125803375431,0.506330561612957,1.7599312948842623,0.15440413379194562,0.1678865214426818,0.1748476800361895,0.20969228137184906,0.2097598318389651
5.940551050763889,6.562691960103491,3.8741118599639695,2.37754041116604,2.1660729899107602,1.8516145998500284,0.5143272057694582,1.7620466233954626,0.1545618908630659,0.16802818444063006,0.17492636133994954,0.20969213871323392,0.209759693310644
5.947861489965278,6.514775154133684,3.8240677172864994,2.3461617235504644,2.1641701538110496,1.8548868907325038,0.523659126317732,1.765260602514031,0.15476737623594694,0.1682202309663636,0.1750417211849543,0.20969215652345413,0.20975963234718403
5.956091982731482,6.449899012254237,3.7556852144901045,2.301214128383917,2.156216144791222,1.8552511549321162,0.535030596646498,1.7702161233502338,0.15504346232891605,0.16848443517149855,0.1752082047615529,0.20969238020468786,0.2097596972638053
5.963349165347222,6.3775408017121205,3.6880746192168674,2.255503089032093,2.144433392581486,1.8527349349640758,0.545230192464967,1.7757369795948683,0.1553450923348358,0.1687481516979932,0.17537906291135552,0.2096927471173806,0.20975985074234144
5.970959437326389,6.269535512421803,3.6124961484805787,2.2053102195437595,2.128045487202447,1.8477541843575738,0.5550048593309725,1.7824752553531125,0.15579486036727785,0.1690439131345715,0.17556787361327858,0.20969328496014042,0.20976008020570786
5.978331233958333,6.140756567351432,3.531705946908069,2.154222132671039,2.108540921706633,1.84053879283774,0.563670604282395,1.7899421136275326,0.15633318725589157,0.16936075625946717,0.17576045280699637,0.2096939390880786,0.2097604395522579
5.985514287581019,5.998793339782334,3.4452395593818417,2.10184474159501,2.0864780718900993,1.831222269133326,0.5716115236078492,1.7981184622685333,0.15692834474633427,0.16970107541273635,0.17595820178820648,0.2096946847037242,0.20976091402594763
5.992766319085648,5.843579104159999,3.3508867610715964,2.046365010781138,2.061584270701703,1.8196125287264868,0.5793903753319193,1.8072705464021905,0.15758063808983194,0.17007400119087562,0.1761681028959202,0.20969553022667006,0.209761502144312
5.9999999988425925,5.680216386389543,3.2508970094203034,1.9886378137074496,2.034552399752452,1.8059820412145746,0.5871507747372756,1.8172805387351936,0.1582685127003829,0.1704708904306988,0.17638710052003997,0.20969645241365711,0.20976218586276274
6.0072027462152775,5.528808683508775,3.1494907299929853,1.9302012702178006,2.005808377773411,1.7907318331025701,0.5946424937540051,1.828006215398965,0.1589140243904336,0.17087605653925386,0.1766100062335669,0.20969743943394875,0.20976291629344673
6.015017713136574,5.3920576014749875,3.043708125680203,1.8673450174396664,1.972841072626098,1.7725863618562734,0.6022719228075555,1.8403581536896134,0.15949575804820154,0.17130032472092357,0.17685071543771963,0.2096985820809403,0.20976377838027482
6.022751327800926,5.277490461384654,2.945953078376351,1.8065720967985117,1.9387815655495733,1.7530834437275562,0.609617114803006,1.8532650892988725,0.15998234644182163,0.17169342352923125,0.17708413021416963,0.20969976853267575,0.2097647231375977
6.030776596053241,5.174239934788204,2.85265341523636,1.7460592747594832,1.9026200103406623,1.7314135877584436,0.6173017809230062,1.8673227444165397,0.16042023616326895,0.17206935212706942,0.17731718454898182,0.2097010324680711,0.20976578247653424
6.039668917696759,5.072850021637044,2.7585384407375213,1.682931785888311,1.8625207906053367,1.7060594926712873,0.6261357915661817,1.8836268720972078,0.160849476135432,0.1724491217101566,0.17756101089175874,0.20970243930869722,0.20976702596551375
6.046682425023148,4.9993610142403275,2.6924697581242953,1.637370962500862,1.831310087408861,1.6854982933056128,0.6328781552748858,1.8968837584852019,0.16115984174153916,0.1727170694911473,0.1777381582649137,0.20970353982930104,0.20976799568104432
6.054135824270833,4.924342732901722,2.63382579434533,1.5955834949479804,1.7982702662371552,1.6635746552941102,0.6381726601092164,1.9109856640135816,0.16147524034437757,0.1729550989110265,0.17790178651324454,0.20970472089990314,0.20976897684830845
6.061734664699074,4.84993223222644,2.5828750247792227,1.5589040264214409,1.7646494274825535,1.6410153570019848,0.6417979746185756,1.9253100497178508,0.16178691744179124,0.17316094218865097,0.17804544423916077,0.20970592997751053,0.20977003013157858
6.068781522604167,4.782355540682337,2.541500353749749,1.5295441674900105,1.7338881221469515,1.6198581375415817,0.643836662874715,1.9384987721737992,0.1620693340065407,0.17332731620267688,0.17816020865557394,0.2097070362694946,0.20977104654320894
6.076052837800926,4.713755064748347,2.5032670054267188,1.5033655753572768,1.7031001386926934,1.5978624445022107,0.6448300849207719,1.9519617593820293,0.1623555948103825,0.17348051093154454,0.178262389893936,0.20970814326530232,0.20977211250322042
6.083333298842593,4.645953592928054,2.4683820301866524,1.4807270365613114,1.6736811028486136,1.5758306573124563,0.6448739214941336,1.9652437477755067,0.16263813758576048,0.17361991195664572,0.1783507034445383,0.20970920203814736,0.20977318054373806
6.090767549398148,4.568124510104887,2.4307039160194512,1.4585669779969834,1.645769569919229,1.553382710067131,0.6454257264094102,1.9788132976931805,0.16295899950686502,0.17376873074034774,0.1784359565645321,0.20971020400124873,0.20977434691753943
6.098000810555556,4.478745660958311,2.3881435124407555,1.436118541882744,1.6213712034737762,1.531892723673026,0.6476422493615585,1.9922534622109498,0.16332931859438263,0.1739379187377234,0.1785221236347616,0.20971107009669065,0.20977548183839523
6.106031826898148,4.3686110644834395,2.3349905970217253,1.4102476770313292,1.5976177510187182,1.508998711390515,0.6517834521594675,2.007457994490419,0.1637857451705115,0.17415058623699897,0.17862216931154626,0.2097119149558079,0.20977665644780127
6.114294089467593,4.247427753490562,2.274785943317008,1.3822475822858318,1.5763047480929062,1.4868907338654116,0.6576315948938374,2.023437521734927,0.16428708282498242,0.17439241981634843,0.17873123054372503,0.20971268158179485,0.20977778255943216
6.122859562673611,4.116803438462032,2.207786218431518,1.3515920488682884,1.5567401637022868,1.465679606924988,0.6651952387936105,2.040409765691037,0.1648261195155668,0.1746621241127383,0.17885117190130748,0.20971339488197205,0.20977888045041534
6.130322027881944,4.006919934452921,2.1498144772733214,1.325042036254078,1.5409111535781508,1.4487276704828806,0.6718552233436064,2.0553618694241065,0.16528106822619698,0.1748972541592826,0.1789563349287873,0.20971398084441564,0.20977970796892106
6.137442984803241,3.9189955462262884,2.102311034650503,1.3026872625680574,1.5252065599765736,1.4338910183312568,0.6755265707005754,2.0692217944648186,0.16564345654928614,0.1750901285280577,0.17904619784626227,0.2097145831438145,0.20978036176504655
6.145235582858796,3.8372824500130998,2.0579492589778776,1.2806213689279773,1.5062463504661774,1.4185047106246398,0.6767454684221276,2.0838881664215547,0.16597807748576454,0.17526877639556432,0.1791345261869363,0.20971531240986732,0.20978111198603105
6.152427940081019,3.7715751119404697,2.0233468957288965,1.26250764208795,1.4871754595218296,1.4045832601258241,0.6756707467488627,2.096943373099696,0.16624591096276878,0.17540690640019715,0.17920646792505943,0.20971603684563186,0.20978183884704701
6.159876493287037,3.7104139738454136,1.9931276637021376,1.2462174933058858,1.4664690112818541,1.3901372307588136,0.6727016206942344,2.109947586880713,0.16649445990636516,0.17552662393883534,0.17927090116477998,0.20971681651554586,0.20978260511605776
6.166829663483797,3.6576221381449394,1.9692105397491855,1.2332637663151191,1.4468447212188587,1.3765087037017727,0.6685149401972346,2.121579724215647,0.16670856926987224,0.17562070900180043,0.17932211439035134,0.2097175531205234,0.20978332267508307
6.174187788055556,3.6007180539220323,1.9434007517769125,1.2198993377294927,1.4268080311837852,1.361814124958609,0.6645431171425005,2.133683179358087,0.16693829383104192,0.175720679964346,0.1793737977337883,0.20971830052464863,0.20978418358527717
6.181416128784722,3.541730682605202,1.9151832910169422,1.20616493852828,1.4089585084545335,1.3473501806224526,0.6624899638948113,2.145668806511831,0.16717794598289717,0.17583125197670846,0.17942665932666962,0.2097189529215834,0.20978503933226517
6.1883873659953705,3.4831234515655285,1.8862573783287757,1.192732321868164,1.3938536715795629,1.3337776874922824,0.6620084125620542,2.1573176410923094,0.16741672371664704,0.1759459213342488,0.17947908888464237,0.20971950558225996,0.2097857983989147
6.196412543958333,3.41435289612423,1.8513120330736568,1.1768773823060965,1.378786003564301,1.3189476998515364,0.6629846169418001,2.1708488442799565,0.16769711479537247,0.1760855094449434,0.17954188400138807,0.20972006632438742,0.2097866067933776
6.203409278668982,3.3537412013725665,1.8197144489612889,1.162574688178814,1.3672406077336132,1.3068475554878718,0.6649715697371761,2.182770763559352,0.16794416351178126,0.17621224629706067,0.1795990612731051,0.20972050524878885,0.2097872712547062
6.2103951783680555,3.2945325447344387,1.7879917289506244,1.1480824245959251,1.356747124036435,1.2955834522307643,0.6676353053566635,2.194758841209987,0.1681870346634671,0.17634040433634157,0.17965764093406938,0.2097209110432301,0.20978788602491777
6.217497893275463,3.258328929908028,1.7646897901133878,1.1366596998574015,1.3454599514170056,1.285109650531141,0.6671137419984154,2.2061419338478903,0.16833751213467618,0.17643652714872463,0.17970657606927906,0.2097213718576272,0.20978827144633777
6.224724882835648,3.2464565398584893,1.7518483708296237,1.128259154200839,1.3317964198665597,1.2749252951857906,0.6623538880878518,2.216541378915032,0.16838577084701212,0.17648893598763615,0.17974420717963563,0.20972195226608092,0.2097886844476547
6.231911267916667,3.2524361347787307,1.7492013222980827,1.1229737347546478,1.315826736039897,1.2646060704176862,0.6541834001969444,2.225654830665412,0.16835984386571867,0.17649846183405035,0.17976870682937857,0.20972262245726478,0.20978919012025976
6.239729511782407,3.272909344662694,1.7570395004575383,1.1214448570672684,1.296876184088345,1.2526956306807482,0.6423836272490243,2.234097183044819,0.16827425035787413,0.17646445826325605,0.1797780635487799,0.2097234078214999,0.2097898072269621
6.2472410975925925,3.3016536199364106,1.7738236861075427,1.1246364035726883,1.2785878581149066,1.2404795967438083,0.6291150196717286,2.2406526305470917,0.16815517909195027,0.17639400109844236,0.1797685577020351,0.2097241672518559,0.2097904306160695
6.254456490578704,3.33137234126035,1.793794129998872,1.1306474345922166,1.2624261078013406,1.2281513203434227,0.616598393241472,2.2457330079378917,0.16803094521935197,0.1763088398563164,0.17974670935362755,0.2097248474979711,0.20979113764891985
6.261949900277778,3.3538305176257874,1.8067027117315253,1.1347276291286283,1.2490322937029759,1.2151712982247778,0.6089747277671383,2.251082623279659,0.16793813389478182,0.17625160794997155,0.17972964888555037,0.2097253790085966,0.20979205263901768
6.268938792326389,3.369193670238999,1.8132898414270175,1.1371206117564538,1.2403055816983188,1.2037279492063564,0.6064729324769802,2.256277587860931,0.1678765890869925,0.17622266972611894,0.17971951597199431,0.20972569814736697,0.2097927725128585
6.276356334976851,3.3809151411877263,1.8155550292395952,1.1380616060623587,1.2347469394457002,1.1928848852526404,0.6077384886842684,2.26205694514824,0.1678309533178609,0.1762132103868041,0.179716506348285,0.20972589652061435,0.20979339365466376
6.28357993792824,3.388490119749243,1.8135687828451819,1.1370118639429614,1.232120442126258,1.1838534528824474,0.6120230003678776,2.2680177447993266,0.16780234104695285,0.17622220671981903,0.17972246360711577,0.2097259970430298,0.2097939076595753
6.290574947581018,3.392708204056344,1.8081806092980275,1.134011874398499,1.2313381790255602,1.1765307047428932,0.6184274072264296,2.2741779703061575,0.16778718008291066,0.17624555305453113,0.17973669254898778,0.20972603952359178,0.20979434991754053
6.297592591377315,3.4270845456630457,1.8113958668093424,1.133842053152061,1.231010005688382,1.1707782886719793,0.6228249964091759,2.2795986536929376,0.16765986336870412,0.1762396497672529,0.17974380820237004,0.2097260927456156,0.20979444352385992
6.3048718925694445,3.542875189021601,1.845244374239503,1.1439103943529987,1.228882681552857,1.16640981765598,0.6185904674247302,2.2821355806469654,0.16719399325346695,0.17610988582002532,0.17971577711115932,0.2097263388819237,0.20979428224316635
6.312311396655093,3.7268141152214795,1.913916080189912,1.1652619614359654,1.2243391517499376,1.1624732342729949,0.6068828426537121,2.2813465105321966,0.1664436801485223,0.17583512674904478,0.17964310744194198,0.2097267598560977,0.20979433496058855
6.319441207743056,3.9505141004571684,2.0141585368938015,1.1997924725480413,1.2204007442909834,1.1586130025694228,0.5912634051928708,2.2772212051870357,0.1655273435300581,0.17542951931010475,0.17951635727462098,0.20972717530992877,0.20979452486238265
6.326953552210648,4.224234388583192,2.1563290266462904,1.2552497065294654,1.2214296571307435,1.1549032505064094,0.5730034366045701,2.269041792263198,0.16440245104296553,0.17485285928006497,0.17930648451364783,0.20972743476974937,0.20979473714740215
6.333947797939815,4.505834544095139,2.3205804856572807,1.327281699364445,1.2317348488251556,1.1532054200109352,0.5566313101421788,2.257589972608891,0.16323858379894457,0.17418685272778686,0.17903016163409644,0.20972733804103053,0.20979484274504812
6.3408966425115745,4.790515236221027,2.4999920962313498,1.4141563796435581,1.2538580357545717,1.1548667826091952,0.5447127783961633,2.243250681475539,0.1620503562191112,0.17345745701215712,0.17869227085760342,0.20972677654587898,0.20979495534371015
6.348318797372685,5.091445861309371,2.6990981338998785,1.5192498380676613,1.291604825397339,1.1623968000299947,0.5385800288463471,2.225278064793846,0.16078959435969842,0.17265295933521302,0.1782820027812297,0.2097255674646744,0.20979480522895533
6.355579292893519,5.386589252282838,2.9004178942484082,1.633156839298438,1.3429987769536236,1.1775551948851055,0.538456923800685,2.20496483111155,0.15954656792316022,0.1718454063133255,0.17783901557454035,0.20972379019600051,0.20979421419878438
6.362785262800926,5.682451756025649,3.1060336060872213,1.7555134344745944,1.4076029690152807,1.2016828815472096,0.5430976021339531,2.1821573569940855,0.15829545878524554,0.1710266402579558,0.1773658586292137,0.20972150064487718,0.20979318622285037
6.369747817372685,5.972349820382881,3.310250205020201,1.881503324451375,1.4819876385082635,1.2344320583038797,0.5511259318802888,2.1577238230626983,0.1570670380021071,0.17021997511187728,0.17688158562396517,0.20971884191061788,0.20979177800137647
6.376719835613426,6.265807698458843,3.5199462811613578,2.0144239837134776,1.56725592981949,1.276880564327912,0.5618435649019099,2.131120631599194,0.15582086300284706,0.1693988049531206,0.17637364198656316,0.20971578395412263,0.20978996828802415
6.3840136913425924,6.543479058131175,3.7280884399371574,2.1510769794102664,1.6637756708512486,1.3298297123908613,0.5766080692332353,2.1024721839663805,0.15464239692377962,0.1685900805989494,0.17585255182842077,0.20971228981590986,0.20978787583366187
6.391904367164352,6.808799139048687,3.932319362361563,2.29082313967293,1.7724038635690416,1.3950333760101206,0.595990307902366,2.071465832006236,0.15352974962800606,0.1678095297442099,0.1753241791174709,0.20970831334174136,0.20978523749292033
6.399768895810185,7.049809481350342,4.115998637812995,2.420280460291912,1.8821116193675063,1.4665975464540195,0.6173588769539671,2.0409325678552372,0.1525280115378289,0.1671210161614862,0.17484012262194232,0.20970429994681195,0.209782253265535
6.407485736423611,7.271773862579535,4.280280560883999,2.5371278440992193,1.9885273404435244,1.5413925025316366,0.6390798539971929,2.011668560891072,0.15161225188086533,0.16651809812541368,0.17440781394044075,0.2097004349213022,0.20977910458635543
6.415645017939815,7.496547716544712,4.440903237691856,2.650269670396959,2.097542693405456,1.6234042807193187,0.6618402082056268,1.9817731404028256,0.1506918434385742,0.16594239847374734,0.17399341589863954,0.20969650986158023,0.20977564911319063
6.422675249479167,7.669754024912733,4.570149575899597,2.740052972113721,2.18748650634231,1.695002652864803,0.6807253225564777,1.9570672334928882,0.14998086638011984,0.16548945848059013,0.17366749978681367,0.20969329707855913,0.20977263808042687
6.429772423171296,7.806510280736346,4.687475165236536,2.823496612503523,2.273926203382576,1.7669961625860628,0.69877576754478,1.9332479169881027,0.14942617077467396,0.16508597686506982,0.17336666853225763,0.2096902294693773,0.2097696148967682
6.437155017870371,7.919667504810306,4.792591538747546,2.9017906073879436,2.3586854983448844,1.8406503478403995,0.7162119323514982,1.909731482988058,0.14897209724270266,0.16473132165430315,0.17308611065950325,0.20968724005313924,0.20976652169189994
6.44469603324074,8.01386774157904,4.88243030399343,2.971943463165858,2.4391909517863053,1.913717649636606,0.732444666497094,1.8870655609830373,0.14859692623804413,0.16443355893139208,0.17283610796760188,0.20968441700474452,0.20976345151832343
6.45185474787037,8.089255698893892,4.953067887846578,3.0290854767970834,2.5093544262929623,1.9803172280301922,0.7463090545658395,1.8668106143347516,0.1482982909161907,0.16420298861042698,0.1726333877192662,0.2096819680840688,0.20976064994481042
6.458867658796296,8.153599428400156,5.010529304758769,3.0764219045571166,2.57178604081152,2.042345589802273,0.7584135772845558,1.8481310194244973,0.14804447202274104,0.16401792360089607,0.17246611137241136,0.20967979563477046,0.20975803564731413
6.465852805694444,8.2102913281774,5.066675451669407,3.12169613787276,2.629437439943393,2.1021014082904226,0.7679425676142263,1.8301120774981299,0.14781890392083463,0.1638436052185772,0.1723096172969726,0.2096778111861578,0.20975541885359825
6.472839473576389,8.260709944763136,5.125750930763966,3.1692905432411687,2.6844592870912263,2.160599840464049,0.7742913316147618,1.8122688595606127,0.14761472452162233,0.16366158140026113,0.17214598641931275,0.20967594810207327,0.2097528491791618
6.480346366215278,8.309553011237686,5.189957202886359,3.2223111852348807,2.741312318576144,2.2217135954820337,0.7779415405478657,1.7932654899484575,0.14741489546166464,0.16346601024985702,0.17196435974453744,0.20967404390798206,0.20975021168187757
6.487966106168981,8.35488119616726,5.254620464964563,3.27757962429983,2.797418860337413,2.281853182175396,0.7787914558620994,1.7740913335924942,0.14722851585824254,0.163271986778211,0.1717760411013874,0.20967217709076147,0.20974763824400566
6.496590424016204,8.402209917204843,5.32631971296455,3.3411843951705626,2.859838985745649,2.3478573420343505,0.7769059170130534,1.752422468785246,0.14703348962535107,0.16306060551973026,0.1715609770629862,0.20967011263000798,0.20974481549225651
6.503626347708333,8.43562535386367,5.381100024755945,3.3919257180676445,2.909923428989973,2.4000026449202005,0.7738070798251918,1.7347877041141728,0.14689321176663758,0.16289966162111524,0.17138953051459038,0.20966846246298287,0.20974260660419577
6.510864519756945,8.452145775457671,5.421627134761802,3.4343102038562843,2.9579454395254676,2.450157951635567,0.7709905870558582,1.717234414136102,0.1468236019198529,0.16277881803937266,0.17124524965225085,0.20966686739562937,0.20974055376567716
6.5183589326620375,8.453496328627567,5.446697813172527,3.466874040387178,3.0025416239622174,2.498166883008389,0.7686361181630382,1.6997159956914205,0.14681825745261373,0.16270295305170787,0.17113431704278556,0.2096653745471017,0.20973853547928462
6.5263218566898145,8.442310402313474,5.456985126252465,3.4893002826718824,3.043147652683753,2.5446410752557465,0.7665164899448237,1.6817914516958168,0.14686394187195656,0.16266899872018115,0.17105728745491067,0.20966401020681216,0.20973652166854703
6.534877415636574,8.419940506664414,5.452484805622397,3.500339451045532,3.0779255326324777,2.5888578596235483,0.7643904724672034,1.6633146384163464,0.14695411481815032,0.1626765617574995,0.17101771588641998,0.20966283529774674,0.20973455964196408
6.541849267696759,8.395892390165352,5.439213603902086,3.5003732745494425,3.099057414508163,2.6200588113957166,0.762618706216245,1.648869021380495,0.14705043013782793,0.16271012411664232,0.17101491274270653,0.2096621123373052,0.20973314360329248
6.549004659618055,8.361083109777132,5.411133964698307,3.488074692669341,3.112701890425955,2.6460080205430576,0.7616884640734523,1.6349880950675146,0.14718883315151285,0.16278245212845513,0.1710500583578891,0.20966161752601542,0.20973200230164643
6.556702584363426,8.30937921384759,5.361131135688863,3.4580703670350204,3.116800597376093,2.665792310500514,0.7624162529257476,1.621496286625057,0.14739931527237304,0.16291919691299958,0.17114332241906763,0.20966140403987016,0.20973109498493692
6.564226145416667,8.247297197061267,5.295935832573504,3.414236256448344,3.110331343802222,2.677048388539631,0.7643989850780251,1.6097820359030879,0.1476528216027042,0.163104100109352,0.17128370141260094,0.20966152143558575,0.2097304724670192
6.572396474166666,8.169043363223066,5.209973982544703,3.3526488796363414,3.091983922833698,2.680338358670337,0.7674211076262405,1.5987501814077427,0.1479718161394196,0.16335571337267513,0.1714847902043783,0.20966200963060147,0.2097301150317942
6.579537784560185,8.092611504598826,5.124064176302386,3.288686855171217,3.0668570075001766,2.6757648701010393,0.7704097666503529,1.590580854406822,0.14828279017841964,0.1636147065871388,0.17169686400225806,0.20966272920860307,0.20973008564302006
6.586581643333333,8.0132419401776,5.033353692892896,3.2192825129277773,3.034659770712367,2.664982492154627,0.7730510479546129,1.5837964972368963,0.14860786037080795,0.1638980455791549,0.17193133356878643,0.20966368287352943,0.20973027107891792
6.594423743553241,7.93983725537777,4.944355768646996,3.147337438535769,2.993002023582508,2.6480962126401906,0.7725826692284488,1.5769507628901889,0.14890632754282818,0.16418644081614298,0.17217948016219362,0.20966496450187783,0.2097305359866523
6.602348446782408,7.880378980666975,4.868972734488879,3.0823419434531623,2.94670388194054,2.6261005999989693,0.7682122150574305,1.5706541420811642,0.14914417574598854,0.16443535234580178,0.17240560080581702,0.2096664247945753,0.20973107057239243
6.6097262232638885,7.834488764743478,4.810536460779812,3.029026826625501,2.9016089624584063,2.601416153196887,0.761194465376106,1.565342563186151,0.14932679886341094,0.16463132945181003,0.17259216405519615,0.2096678620065701,0.20973179774076245
6.617110282453703,7.794938355991383,4.761832763866201,2.9826821114301834,2.8563680547059462,2.5732881683682214,0.75190928849555,1.5605259848815871,0.14948427085742177,0.1647968591324896,0.1727551590918216,0.2096693129467102,0.20973268994322897
6.6249999988425925,7.757479810648584,4.7187065103584205,2.9405457907628363,2.8095681249320172,2.5404358233524356,0.7400587030302165,1.5558830440029192,0.14963389079510966,0.1649452079026112,0.17290406494562977,0.20967082247857202,0.20973376952436457
6.632090141261574,7.714351999428032,4.677794403112469,2.9035697769287414,2.76927751368316,2.5086918311088304,0.7295178347056762,1.5524316126109163,0.1498037706884778,0.16508260561459293,0.173032758215094,0.20967211935752086,0.2097349286628358
6.6390780946875,7.65380517207751,4.626668236462483,2.862734480228146,2.7305961347992267,2.475621379912996,0.7207092503310518,1.5499902769966085,0.15005043738271565,0.1652568966819326,0.173175497591049,0.20967335108311486,0.2097361694667623
6.646040524328703,7.5799408123386485,4.565576660728547,2.8176430393412186,2.6927087719044485,2.4416717112170896,0.7132676469772514,1.5484807096537707,0.15035375156017575,0.1654684960154698,0.17333441235251654,0.20967455445373467,0.20973740842711716
6.653689221423611,7.486942222635586,4.487818299328623,2.7628081462687457,2.651115435056128,2.403737044079248,0.7063080516016477,1.547874377039441,0.1507362431963079,0.1657420296512452,0.17352920536130895,0.20967588018215447,0.20973877680857303
6.660829712025463,7.391560852660525,4.40655866445444,2.706699714952471,2.6116111391924828,2.367914393969675,0.7007170630505761,1.5483043030987782,0.15112880772880474,0.1660322934615724,0.17372991846133762,0.2096771461903587,0.20974007505647863
6.667875881979167,7.2917622231634756,4.319997745432628,2.6472925838087122,2.5715280627683237,2.3322286716349954,0.6958479995932464,1.5496650768881952,0.1515412798634979,0.16634681304817056,0.17394417283938998,0.20967843795512162,0.2097413792199575
6.675309922569444,7.207292016079978,4.24026631622788,2.590539657820541,2.528602650959194,2.295411309011792,0.6881894964752692,1.5514623759013901,0.1518953496979129,0.16664583339857075,0.17415331794520142,0.20967984814550422,0.20974256140578906
6.682534665763889,7.152665740169284,4.18167310812534,2.545203394665962,2.486899017522205,2.260579699498792,0.6772121611282305,1.5532349159219965,0.15212057255580852,0.16686771202793804,0.17432151800000983,0.20968124978035096,0.20974370915818372
6.689855322256944,7.118299218564965,4.139925928446036,2.508801994016662,2.445415990651419,2.2258193834820115,0.6635071757975165,1.5550359143366022,0.15226053859391303,0.16702709507699393,0.17445689161794653,0.2096826567311942,0.20974494461883614
6.697804949548611,7.098694041017876,4.112635339796997,2.4802229431103515,2.4028866011873142,2.188661079420313,0.6468441126533594,1.5569456399030244,0.1523391847248927,0.16713267035740842,0.1745634995719248,0.2096841057512867,0.2097463205421168
6.704765037719907,7.092531278587283,4.101972772377591,2.4643223108531767,2.369198286862164,2.1569719193504358,0.6315463806540245,1.558520468500365,0.15236287397786863,0.16717537742636057,0.17462320187417013,0.20968525869826965,0.20974751156155333
6.711946646851852,7.090373749760192,4.099078769709953,2.4548014921912507,2.3388382358445736,2.1254722350477686,0.6161203893307664,1.560079367962689,0.1523675555750796,0.16718658946866607,0.1746581434852878,0.20968630079389602,0.20974873685816056
6.719298616030093,7.072099501522585,4.087971796305617,2.4430417458872618,2.3118182265606007,2.0941458807467095,0.603655144432887,1.5621183602949436,0.15244174570647118,0.16722645072349718,0.17469935637708403,0.20968720980387903,0.20975007570268306
6.727437736967593,7.034749167584244,4.064100485146148,2.4260251203800838,2.2859673570803505,2.061243437450983,0.593687232076304,1.5649671511894814,0.15259929451557883,0.16731531297474295,0.17476002516223474,0.20968806185170435,0.20975142962546472
6.735930267881945,6.9819251300681735,4.027415850466317,2.403203576249526,2.2622361277871503,2.029428423951711,0.5866477829037181,1.568594727711992,0.15282219465139085,0.1674534607023969,0.1748427327620932,0.20968883955897544,0.2097526868730472
6.744453742870371,6.918852524175119,3.980269746971811,2.3747303468641294,2.2400242501179113,2.0000551214467475,0.5821816052092595,1.5729301367004496,0.15308744183582204,0.16763211913204712,0.174946847634451,0.2096895687291288,0.20975383465266156
6.751510270462963,6.862416796132314,3.9356390191542996,2.347517081137497,2.2218562911096185,1.977453169997831,0.5798714000430308,1.5770447275454176,0.15332682470578815,0.16780348143279467,0.1750475646516051,0.20969016770996737,0.20975471234425597
6.75883634494213,6.83577167339259,3.9081624438314715,2.3288064675249442,2.2040421212495134,1.9570887303452222,0.5744980773987047,1.5809554202051674,0.1534464220983905,0.16791605244734545,0.17512128216143683,0.2096907853622199,0.20975526548607198
6.766704422256945,6.850489748330228,3.9090237402792027,2.324342481370449,2.186912319987269,1.9387537309205616,0.5641292257395014,1.584280894402355,0.1533851253966637,0.16791874005484655,0.17514246815482015,0.20969142039304425,0.20975577350266186
6.774619313599537,6.89842387521202,3.9386668229321247,2.3358598014628456,2.173161025040621,1.923296044712244,0.5504055013989803,1.58665146485683,0.15318224473481218,0.16781006836865306,0.17510328736137554,0.20969195122238782,0.20975628937431748
6.782976936574074,6.973992322699838,3.9973458918852094,2.365814007067852,2.165455071662121,1.9103379481812262,0.5339709690237989,1.5879725558456383,0.15286341799771413,0.1675912824158507,0.17499527764919678,0.20969228012383667,0.20975675271452446
6.7906185396064815,7.057875357322241,4.071404707663456,2.408858722318671,2.1672252879196683,1.902382123933519,0.5183633682509121,1.5879789660492276,0.15251058203244308,0.16731560373705584,0.174838611904217,0.2096922808936973,0.2097570251340587
6.797778855486111,7.137777067393343,4.148798799851151,2.4582700103634756,2.1775505235982497,1.8988654383852932,0.5048783386120108,1.5870477685348419,0.15217286246609074,0.16702633977784612,0.17465674757660865,0.20969197926713473,0.20975718816797367
6.805670008171297,7.214433888142376,4.229354664030793,2.5146863221473876,2.1974931785577545,1.8995695285490257,0.4932252867757507,1.5853321538792506,0.1518541766075735,0.16672814825410076,0.17444903443119875,0.2096913318821274,0.20975721529791225
6.812760727939815,7.275991413537606,4.297376555636205,2.566126052263245,2.222301191877196,1.9050860439573627,0.4852332565751213,1.5831266779217616,0.1516010541700158,0.1664794479173144,0.1742607383175702,0.20969050723820432,0.20975698299456658
6.820970842627315,7.34146484553167,4.371231097127955,2.625255758365644,2.2575765403206596,1.917632207495811,0.4783247003029078,1.5797669884322423,0.1513328590861836,0.16621244589515455,0.17404557355595154,0.2096893302791995,0.20975642518968596
6.8291180000462965,7.402592682900801,4.440082862916121,2.68257164526896,2.2976472802105894,1.9364234733901209,0.47342390497076214,1.5755942258181639,0.15108269009862763,0.16596632247107818,0.1738381489182307,0.2096879938126318,0.20975560235277813
6.836482270347222,7.455455894725472,4.499394211693116,2.7329274542878412,2.336792885902148,1.9583395073101053,0.47031488220132983,1.5711388665355053,0.15086583179878815,0.16575654622251573,0.17365680445293208,0.20968668987042777,0.20975465840031837
6.843923853020834,7.50349616783035,4.5569668764788664,2.7825669270228555,2.3781959160483304,1.984638997538606,0.46816532425029556,1.5660124115982277,0.15066846396390787,0.16555478996962075,0.1734788636956639,0.20968531338509358,0.2097535369258953
6.851091729039352,7.545514736711405,4.60991048978323,2.8291477485002057,2.419139636796068,2.013296861170332,0.46687205121629083,1.5605276765957083,0.1504961348850205,0.1653709167928284,0.17331258745218867,0.20968395504534149,0.20975232653786446
6.858872141087963,7.587972732176315,4.664683533016891,2.878248629199249,2.464144475397234,2.0473945043465895,0.4661926803468783,1.5540242351761655,0.1503221050111132,0.1651824937792748,0.1731380721648978,0.20968246534886945,0.2097508964334983
6.868489257569444,7.637585402354194,4.729083529423352,2.9368423859452903,2.5198482610101927,2.0928135491918898,0.466212272419165,1.545281024396962,0.15011882816020672,0.16496345214390198,0.1729308997545758,0.20968062687685088,0.20974900137820182
6.875493870636574,7.672396661543148,4.774122334240736,2.9781353465130014,2.560102917686419,2.127528914518874,0.46671646055086624,1.5384790841747744,0.14997604116611743,0.1648118156933635,0.17278557484142723,0.2096793022547576,0.20974755771122125
6.883265609976852,7.695431715289823,4.811549473392916,3.0156749049974767,2.6021934028023854,2.165438747591752,0.46896184947006003,1.531006818659535,0.14987968006489105,0.16468215728851288,0.17265108501642823,0.20967790498917419,0.20974609020619844
6.890997590046296,7.697526469278175,4.829710780937622,3.040220358198301,2.6390153437028854,2.2008829924766884,0.4733950357959328,1.5240337286034529,0.14987561949140601,0.16461807601516648,0.17256248506031727,0.20967666381372707,0.20974471291722854
6.89829134337963,7.686033260619298,4.831694427802447,3.052439639597554,2.668285105646019,2.231773725328581,0.47892510149998346,1.51793664722928,0.14992857059935574,0.16460869488138144,0.17251765132548172,0.20967566873767873,0.2097434631823561
6.906826213668982,7.660753657556846,4.818376484667332,3.0542031921093504,2.6948266367436093,2.26404400331137,0.4862937006134689,1.511473664380841,0.15003891929012303,0.16465028740024032,0.17250933111826774,0.20967475919323195,0.20974212417009924
6.914724581527778,7.629092423138501,4.793899751649125,3.045061147764078,2.7114162219736695,2.289451283259119,0.49341712377565133,1.506205408022513,0.1501743171659115,0.16473002078380727,0.17253947113939463,0.2096741809823409,0.20974105235276677
6.922030555694445,7.5886282431996674,4.760449748031496,3.0271367755445975,2.7195298353215054,2.3082697734922464,0.5002467475486644,1.502083760806224,0.15034193057023204,0.16483921620656664,0.17259969278997692,0.20967388064021628,0.2097402752387901
6.929429291550926,7.525401520275557,4.710529784102457,2.9970835806267195,2.7198706093754197,2.321593548976179,0.5079374061975364,1.4989333267164844,0.1506052285848243,0.1650048066489814,0.17270216202032546,0.2096738239593889,0.20973974678740037
6.936529898969908,7.448407035522584,4.648378552409399,2.9580009288159212,2.7129189294532368,2.328918987126877,0.51576453927073,1.4969168864912643,0.15092625768718246,0.16521510519938243,0.17283721505310495,0.20967400329168645,0.20973943044316984
6.944712169016204,7.344753658111253,4.561647732927562,2.9017643285567654,2.6963944285356582,2.330806596770537,0.5249522641654861,1.4958498982575932,0.15135771870374698,0.16551436999353758,0.17303365140333998,0.20967448939997985,0.20973930591533954
6.95257960087963,7.233500157473745,4.465552164099168,2.8377854042402224,2.6723442134276585,2.326144951337252,0.5336806086125476,1.4961241752181753,0.15182033119630253,0.16585264903815652,0.17325928236625446,0.2096752275977722,0.20973943872193102
6.959542673217593,7.127228575720056,4.372302515840212,2.7744271163898158,2.6449121791564396,2.31692753101972,0.5411682536638196,1.4974458162293776,0.15226129338498096,0.16618723879204925,0.17348476099496707,0.20967608675127813,0.20973975993071298
6.967116569513889,6.9916741908828355,4.269626994571847,2.704081312259861,2.6097349181947003,2.3025933868473767,0.5477775448187623,1.4997450303387632,0.1528176658815931,0.1665632243679231,0.1737384675038449,0.20967721193343763,0.20974020374912827
6.974704472210648,6.83450803201634,4.164641136369579,2.6340112950676575,2.5699040231022225,2.284181050895005,0.5523745528552619,1.5027977787223183,0.15346503441260861,0.16695225949015832,0.1739926709502943,0.20967850875681013,0.20974083065579618
6.981996314386574,6.669204878714972,4.059567415201137,2.5663312983401227,2.5279251245276453,2.2627267691561452,0.5552857966507849,1.5064194080862299,0.15414980882926846,0.16734656005331836,0.17423926186202,0.20967988625146886,0.2097416285786977
6.989077569027778,6.499159733617695,3.9533039904585348,2.499878060246475,2.4843183333738805,2.238565013385045,0.557090631132771,1.5105314185230323,0.15485819343103335,0.16775019712793185,0.17448247582901266,0.20968132381890114,0.20974256208894498
6.997321664513889,6.292896150295729,3.824923433139974,2.4213460057793927,2.4307182698846512,2.2066849333273915,0.5583459501832739,1.5159481870124167,0.15572203932541753,0.16824360799919746,0.17477143291926453,0.2096830989695669,0.2097438164590841
7.0,6.22445731938196,3.78230675707083,2.395550921358395,2.4127507649223254,2.1955373764606496,0.5586215451164469,1.517827350698837,0.15600960973918584,0.16840862957446898,0.17486672052109004,0.2096836960161191,0.2097442585078521
