timeDays,tank1Ammonia,tank2Ammonia,tank3Ammonia,tank4Ammonia,tank5Ammonia,tank5Nitrate,tank5Phosphate,tank1ExhaustO2,tank2ExhaustO2,tank3ExhaustO2,tank4ExhaustO2,tank5ExhaustO2
0.0,13.499407468686243,12.435128936211342,11.341430073438008,10.252564373103628,8.290880614513725,1.304603110112142,1.6858689583965536,0.20929046554721728,0.20934348338282938,0.20938439214040203,0.20942618607243668,0.2095115389691373
0.0070932599305555556,13.387639683087816,12.418302400839611,11.332976635752509,10.244483967250051,8.275578732481017,1.3109803661357478,1.6874553619089734,0.20929382642648195,0.20934399232520332,0.20938466285781424,0.2094264459298292,0.20951202164950322
0.01470133119212963,13.232833174981838,12.377277026185334,11.323200677385678,10.239141610667064,8.264273372390127,1.3157300830540097,1.688848493584781,0.2092989521518005,0.2093453276816222,0.20938499706957084,0.20942664307117398,0.20951232256913535
0.021844354479166668,13.068324430857597,12.316076266631955,11.307724708717753,10.234475827148668,8.257754956044927,1.318344984466887,1.6898685902160635,0.20930453424436624,0.2093473506387865,0.20938551011261378,0.20942680786633955,0.20951249674817143
0.030047074907407406,12.863192794735468,12.22083706273794,11.278302266642457,10.226855043778794,8.253870211021471,1.3194564596991794,1.6907052152168534,0.20931160591132084,0.20935053958919808,0.2093864843092062,0.20942706223113172,0.20951261341103083
0.037937392893518516,12.652736112177507,12.10594127762145,11.235467450673903,10.214824242335172,8.252279589130964,1.319019457195423,1.6911875632382893,0.2093189381256755,0.20935442703729804,0.2093879129662202,0.20942745691936945,0.2095126763231178
0.04493730597222222,12.456865475859946,11.985993686169843,11.183301877104082,10.197544801455448,8.249646812135797,1.3184553287143241,1.6915331035918693,0.20932580168504686,0.20935851242415823,0.20938965973865484,0.20942801803962746,0.20951277288258502
0.05253401630787037,12.23508082550922,11.836914711375455,11.107015001051803,10.16461842704125,8.231884023996818,1.3232404330513938,1.6931518790035598,0.2093335750136863,0.20936361930153177,0.20939223349119887,0.20942910156173078,0.20951335610079128
0.060226999340277775,12.00163582300322,11.670055478725692,11.011433876012646,10.116761513434207,8.19673926477274,1.3343506162143997,1.6963856995098248,0.20934176889504633,0.2093693740097174,0.20939549441739086,0.20943071005878863,0.20951443934307978
0.06787928395833333,11.761866436313323,11.49140778696598,10.900634566701903,10.055733210738307,8.145823595246824,1.3510810468532786,1.701223605255926,0.20935020376510363,0.20937556759081524,0.20939930358111936,0.20943278571974255,0.20951597946312933
0.07594358765046297,11.502283393712469,11.292119989530557,10.769190746838417,9.977797324005184,8.075996096530195,1.3742716732851452,1.7081039602656691,0.2093593575934069,0.20938250590889587,0.20940384784101831,0.20943545606783828,0.20951809171278615
0.08333329884259259,11.259078266954027,11.101476138412192,10.637378703208094,9.894970643239905,7.998247305767294,1.4001056494964568,1.7160410013027694,0.20936795268568203,0.20938916598135915,0.20940842432465853,0.20943830821940213,0.20952045709978878
0.0904674883449074,11.025168241364828,10.912092782169415,10.504074993207908,9.810592990072374,7.92582206829171,1.4222821995208148,1.7236492323200951,0.20937629329819085,0.20939580976449898,0.20941308234859649,0.2094412484257027,0.20952265841757098
0.09761965225694444,10.796411707113723,10.715878176041029,10.363900811082326,9.723119042993622,7.86819231665571,1.4354516807688669,1.7296202361757167,0.20938450286753252,0.2094027062051622,0.20941797558074374,0.20944428326142947,0.20952445001259318
0.10463204236111111,10.57796485148538,10.516839167384948,10.216965352399265,9.630491430001529,7.8220459984615935,1.4405881037221122,1.7338452231805606,0.2093923787635533,0.20940971318127966,0.20942309811870177,0.20944747740082464,0.20952600145428874
0.11202985379629629,10.353616172154958,10.301020819580849,10.05081073354545,9.523131857586307,7.779901892441514,1.4390410857892866,1.7365301014045738,0.20940050217982156,0.20941733130357074,0.2094288939237815,0.20945116799768587,0.20952752727548526
0.11935716902777778,10.13733091533046,10.0831565407665,9.875062069833238,9.405555370882544,7.740341931907661,1.4319944900401755,1.737366562491276,0.2094083664426634,0.20942504974187826,0.20943503775436823,0.20945520858221828,0.20952903013679616
0.12644590280092594,9.933145330170221,9.870197802167587,9.69506060483543,9.28003303835204,7.699549353227342,1.4217832062091635,1.7365022475554275,0.20941581496310097,0.2094326248360485,0.20944134878830167,0.20945952602382478,0.20953059080329237
0.13374576439814814,9.727391304084742,9.650880431272384,9.499782171610079,9.134057522140514,7.630704718796108,1.4203670687125174,1.7367765499533918,0.20942328051913317,0.20944044817589685,0.20944821320276574,0.2094645490183064,0.2095331123148068
0.14075540202546297,9.53360490810515,9.444678247860784,9.308694762973492,8.982206741352035,7.5340137520945465,1.4317360095826734,1.739446177843782,0.2094302885121689,0.20944783478509543,0.2094549711286555,0.2094698164625254,0.20953643514946588
0.1479000961111111,9.337899939188885,9.240463156386875,9.114750786495394,8.82105225783092,7.410428316632458,1.4546110387957811,1.7445960487887828,0.20943735168217914,0.20945517812372008,0.20946187194634114,0.20947545232531065,0.20954051533678425
0.15487143483796295,9.147572885277778,9.046869392366993,8.928226122268548,8.660554837812649,7.269958076043523,1.4866296506471959,1.7520001792394242,0.20944420768270874,0.20946215807252078,0.20946854226028963,0.20948110392993488,0.20954506937518233
0.16213627475694445,8.949298947773016,8.85055344148887,8.737727826822912,8.491972936151496,7.106376600703879,1.5290862789325255,1.7622430045042585,0.20945133568736612,0.20946924788884275,0.20947538226775822,0.20948707438901845,0.20955033302432421
0.16917774165509258,8.758359546371086,8.665171681204505,8.557505168369936,8.328987910875183,6.935202528937755,1.5774819760457073,1.7744569711892937,0.20945820510242028,0.20947595066197514,0.209481875825656,0.20949287767105898,0.20955582629733382
0.1764117384837963,8.57647876318098,8.479836484977762,8.37699820443817,8.164326451293448,6.764351046423303,1.6245291241237176,1.7868678138597236,0.20946479210745667,0.20948266341719102,0.20948839843060038,0.2094987692997398,0.20956125522270846
0.18371887238425927,8.407865088813633,8.296093202392846,8.19576094353555,7.997642254146429,6.600321388291501,1.6665817425640126,1.7985254274725593,0.2094708917641787,0.2094893087159862,0.20949493993216542,0.20950473061157482,0.20956659360468552
0.19131233033564815,8.246402055124308,8.108958132401858,8.00708388584367,7.8220147739650185,6.436962562587606,1.704756690119002,1.8096838780135707,0.2094767292684263,0.20949606394262757,0.2095017378653014,0.20951100203609896,0.2095720734173574
0.19894512582175927,8.096662708216064,7.925979421067276,7.8174405907845905,7.642797305379832,6.278198036808511,1.7378854815980076,1.819899377781516,0.2094821480496966,0.20950266172282644,0.20950856296294454,0.20951739563147148,0.20957752621888914
0.2061464323611111,7.965747101620679,7.759160892916928,7.63935225880079,7.47158192568738,6.132006245392076,1.7647840807056032,1.8286003068734444,0.20948689562414072,0.20950867481218893,0.2095149691360368,0.2095235019416903,0.20958263043786926
0.2136353735763889,7.839165466540458,7.59263878203554,7.456043698529704,7.291937460355689,5.983160383821519,1.788374366546166,1.8365567750318876,0.20949150161925548,0.20951467953482378,0.20952156299454097,0.20952990992981957,0.20958788731404873
0.22144171181712963,7.716260854882083,7.427262859701026,7.268000267036677,7.103558962633017,5.83204969500561,1.8076488102798955,1.8433170792528624,0.20949599385804277,0.20952064709065502,0.20952832736050436,0.20953663037992798,0.20959328072494265
0.22903296633101852,7.604370751468577,7.27458790961964,7.088868535447193,6.919686391257372,5.687768648828527,1.8219295816659995,1.848340761662587,0.2095000998752388,0.209526160658701,0.20953477021661315,0.20954318901437524,0.20959848603283537
0.23673764707175926,7.497476930384318,7.1279932945923115,6.9118502172119225,6.733226857136154,5.542927402628656,1.832762782711039,1.8518420661712287,0.20950403720647864,0.20953146063071426,0.20954113674763472,0.20954983842617086,0.20960374958148692
0.24396393887731482,7.402481549913652,6.99816220051579,6.751122410283612,6.559469645895198,5.407905740396736,1.8402847799370448,1.853629725348042,0.2095075475154879,0.20953616105199135,0.2095469176068184,0.2095560332487942,0.20960867710817865
0.2509538376851852,7.315328856487463,6.879510946638795,6.601258727379968,6.3933838137640056,5.277828230050963,1.8456796949902607,1.8539403519432625,0.20951079013192905,0.20954046364754822,0.20955230836427957,0.20956195267036623,0.20961343636868573
0.25843807221064813,7.269027230155609,6.764385735138477,6.448476942698577,6.219260571383098,5.142233897694608,1.8476431794341603,1.8520233162089133,0.2095126873838155,0.20954466666113078,0.20955780989210723,0.20956815901844345,0.2096183994732793
0.2657389465625,7.288222032462485,6.675202317337349,6.309356680118724,6.053966439136614,5.014577347399563,1.845313623565209,1.847496054515893,0.20951217049453102,0.2095479499533758,0.20956282359579484,0.20957404572197322,0.20962312294656704
0.27386438371527777,7.373598754423218,6.61425765313822,6.171484608461594,5.877278813716922,4.876996018645855,1.838882688086106,1.8393416360371044,0.20950924541336605,0.2095502280498714,0.20956779957791474,0.20958033058777253,0.2096282809641623
0.2822204477083333,7.520502620585799,6.602334847852814,6.056901264172982,5.708026252526444,4.740636387295596,1.8289474636388592,1.8275177108408505,0.20950407877756136,0.2095507385976217,0.20957194847917687,0.20958634552057928,0.20963344745957524
0.28999056791666666,7.702549578683924,6.64156103557437,5.9833834779091175,5.567699728515301,4.620070120843984,1.8170020778397218,1.813405367529365,0.20949763696401097,0.20954939344849452,0.20957462974448615,0.2095913312140786,0.20963805514450368
0.2971498067476852,7.95632055307236,6.723170415186458,5.948706513811064,5.457681483885699,4.5151342822416165,1.8046108903730087,1.7981752644251976,0.20948888078235997,0.20954652295086013,0.20957591458225122,0.20959523651448017,0.2096421124211327
0.3042626946759259,8.39548868113891,6.872005334766282,5.9506764266815155,5.37028260827425,4.416542425338241,1.7928009560292608,1.781908856059899,0.20947350252216398,0.20954128366724858,0.20957590011278845,0.20959833975842082,0.2096459444701707
0.31134009841435184,8.987825721255485,7.115754718115108,6.002203521645445,5.311587659963146,4.328619716187492,1.7801996602483656,1.764691440112447,0.20945256344265606,0.2095326517594758,0.20957413884258513,0.2096004407160485,0.20964934766806578
0.3183411350578704,9.687249445677027,7.4622361709898914,6.116298026495399,5.289350694942013,4.2569765379844045,1.7653866420309452,1.746722701054543,0.20942769013585363,0.20952030720931136,0.20957015621566055,0.20960127351080815,0.20965213506004152
0.3259117125462963,10.540475802046688,7.955654854850846,6.324262464865679,5.316126136903579,4.203854640858171,1.7450211111490552,1.7263639726838562,0.2093972894934447,0.20950265350995823,0.20956281873287272,0.20960040273764882,0.20965426072317828
0.3329039922916667,11.399107457022973,8.517402549476774,6.603692508554809,5.398087536592919,4.184882231767197,1.7206714597477093,1.7068451768013853,0.20936672829220498,0.20948254514907955,0.2095528913680096,0.2095975917399989,0.20965513824097232
0.33993938461805556,12.235733284244194,9.173652850868546,6.972213184785432,5.543641731266553,4.201295069757196,1.6903915253600417,1.6869607452779394,0.20933668564789804,0.2094591021463919,0.20953973213953717,0.20959252428737707,0.2096547562153514
0.3468922249189815,12.950475400101013,9.868924052674544,7.41614204838369,5.753880728430412,4.257796604495263,1.655132365139798,1.6675756302569422,0.20931117191464263,0.2094342786514529,0.20952384107288582,0.2095851444870122,0.20965292344972825
0.35384857306712963,13.584857066954045,10.563562322244204,7.923958145843997,6.032024475750444,4.360789634847527,1.614590296037544,1.6485956591108724,0.20928866382667438,0.20940932236039345,0.20950563075527187,0.20957531793597925,0.20964940083056788
0.3612084506712963,14.196132134661255,11.274484815208142,8.507953736854681,6.395780507704736,4.525225656665378,1.5666872302056898,1.6291257507961936,0.20926708263910684,0.20938421423340953,0.20948468156373692,0.20956239477989208,0.20964368291348573
0.3681707582175926,14.73826251218773,11.917403346719254,9.085864551326196,6.797332297871878,4.7351162086022685,1.5175846697324131,1.611412099521478,0.20924802069429704,0.20936165064571033,0.20946398928471915,0.209548072313608,0.2096363618157806
0.3751327462037037,15.26031347907169,12.531314449274648,9.674260298099155,7.244536223335331,4.996910602332935,1.46578224951264,1.5944747352187654,0.20922973047874246,0.20934027189029009,0.2094427237880509,0.20953209361502653,0.20962726586367472
0.3824184165625,15.779953163018938,13.142288814337578,10.28770495674179,7.747531377033908,5.320615040034189,1.4104161814268994,1.5778142876453416,0.20921154568459213,0.209319168309991,0.20942099341447185,0.20951411844332027,0.20961608483548966
0.3900293471296296,16.29201791181297,13.744033828988977,10.915163873728496,8.296684721166166,5.704444324699669,1.3530036644142813,1.5617427198787583,0.20919374912615682,0.20929858634395287,0.20939891953954215,0.20949454840744924,0.20960285313578994
0.3971038548726852,16.751564498778404,14.27292240269892,11.48111440305668,8.819004001825213,6.096098500668345,1.3008123100271354,1.5479849762072022,0.2091778765298661,0.20928069031193836,0.20937917118975632,0.20947577924510122,0.20958934042769256
0.40414173162037037,17.200630210790266,14.774736217804312,12.02519461749029,9.342187954636698,6.512132264576045,1.250690007966452,1.5353665617882635,0.20916245876870404,0.20926390046166118,0.20936036073503198,0.20945737376571588,0.20957499126731624
0.4111666254861111,17.645530390482005,15.256509091429917,12.54907144679724,9.862144502879834,6.947100195835665,1.2030318584031905,1.523757960649384,0.20914728166236585,0.20924797527474126,0.20934243771825942,0.2094392165485763,0.2095599441590285
0.41825043314814814,18.089632233473147,15.727761641019823,13.05901726079309,10.380044214343899,7.3995862229327996,1.157851823997012,1.512960724425976,0.20913217203577045,0.20923260005880234,0.2093251959371454,0.2094212870880923,0.20954442685513078
0.4253096258333333,18.43123724264883,16.175344398412204,13.55096988980901,10.888353239250923,7.860552122993959,1.1157229273755296,1.5029484714973975,0.20912047288843263,0.20921813338552825,0.20930877388338323,0.20940387459803234,0.2095288520639937
0.432523608125,18.659938033553733,16.582672936039113,14.032225556836462,11.397607435030718,8.337880113955189,1.0758075818606718,1.4933678253980704,0.20911278817007925,0.20920506355476784,0.20929290811174078,0.209386634240478,0.20951291553666257
0.43969771572916666,18.797241768349537,16.922746990394458,14.479487735182877,11.889621087144402,8.814323960347966,1.03947846832537,1.4843976232763558,0.20910825755925677,0.2091942205315557,0.20927834744842716,0.20937019336437626,0.20949725211248704
0.4470254318287037,18.868692992653262,17.199738737946895,14.894334989556997,12.371462789491572,9.29793713821014,1.0059744363423653,1.475692082129114,0.20910595565520002,0.20918541977785898,0.2092650099333959,0.20935431902522056,0.20948165366427826
0.4547123413888889,18.888222653610956,17.41755250329457,15.276248499558005,12.847269087778932,9.79618373935125,0.9748093277119989,1.4669059843335037,0.2091053812800685,0.20917849045751,0.20925288035227105,0.20933888557768693,0.2094659552736235
0.46199870976851853,18.871779686409784,17.562132378181406,15.583900790130402,13.263569685627958,10.253717724479012,0.9491046717854191,1.4587673087336617,0.20910601169729637,0.20917384974828343,0.20924321141055477,0.20932559482475804,0.20945191982015662
0.4697340111689815,18.852402775656593,17.662893730314664,15.851329696093426,13.661325762128337,10.715109963196436,0.9263022630158934,1.4502624498560526,0.20910672233528607,0.20917056674231302,0.20923487720732886,0.20931309531561582,0.20943818224563474
0.47691314395833334,18.83440940327788,17.721997232223977,16.04934678366528,13.987066086723912,11.11583680500734,0.9090914307439056,1.4423784905845227,0.2091073292775633,0.2091685919224757,0.20922874753039547,0.20930301661498057,0.20942662573066279
0.48440949305555553,18.81237327961343,17.75826920067143,16.211218039772124,14.282307258749912,11.502154128939157,0.8948596231276851,1.4340569563418888,0.20910803236001346,0.20916732072999122,0.2092237570131747,0.2092940099451792,0.20941584526282492
0.49360029667824074,18.77662266960562,17.776193503327427,16.35721497062472,14.584176506259283,11.927249451490821,0.88210527813206,1.4236485545547686,0.2091091446500953,0.2091665870824138,0.20921925980905082,0.20928492907390756,0.20940442140687562
0.500604952025463,18.74002202252788,17.774015486261455,16.436294364598133,14.772967129546988,12.21400026559146,0.8754696777012925,1.4155498142098883,0.20911027034331756,0.20916652024141885,0.20921681385065577,0.20927931283894652,0.20939698528930265
0.5075965582407408,18.638492191849117,17.752883594043833,16.489652949989594,14.926492688100947,12.463982877644144,0.872142304461491,1.407529294451781,0.20911334463515824,0.20916698839963538,0.20921512901409162,0.20927476244069215,0.20939066386016286
0.5150499341203704,18.432417408714862,17.68957740928178,16.51738983809569,15.053874745981066,12.689413890556967,0.872421487693904,1.3992463379261801,0.20911991287609066,0.20916867407397674,0.20921418789316995,0.20927099465037036,0.20938508384632262
0.5221888525578704,18.160978662167736,17.578776920972473,16.512358838706273,15.143389220077548,12.868282276374371,0.8757956758992745,1.391628958859666,0.20912865849679868,0.20917180077983955,0.2092142050271621,0.2092683321334294,0.20938071626866817
0.529266125787037,17.83591446645302,17.41792335410884,16.472939499937173,15.201450506350039,13.012034134965484,0.8816583079568864,1.384431309530051,0.20913919752148574,0.20917648029497105,0.20921522685500327,0.20926656697724308,0.20937722069778703
0.5376875466782407,17.39232660688101,17.163042136286556,16.377718929444573,15.23024436194574,13.1416845319959,0.8913960688017597,1.3763728133868627,0.20915369341099604,0.2091840770293932,0.20921787146612045,0.20926559965548214,0.20937403349000638
0.544720358599537,16.992806517075067,16.902303561195925,16.256829015043294,15.220041748357874,13.216781894333007,0.901469693500354,1.370080684461943,0.20916695109104552,0.20919201240821947,0.20922132858781367,0.20926575283835744,0.20937211616549567
0.5517371425347222,16.635056235008133,16.613024845661787,16.100225350000123,15.178840780916456,13.2634530303585,0.912705341225221,1.364136694330304,0.2091789835351782,0.20920100189550253,0.20922589826604776,0.20926678216596484,0.2093708168316327
0.5596720716550926,16.280304305723444,16.274620074225407,15.886191523436498,15.09517254878984,13.282580635002475,0.9266670037009612,1.357811035121895,0.20919096344251303,0.20921171000283503,0.20923226550111257,0.20926900895590514,0.2093700651790035
0.5667980884375,15.992913184500182,15.973158971010788,15.668809164073732,14.988359678004693,13.269560359289043,0.9403197004522116,1.3525110349842757,0.20920072068846216,0.2092213929950752,0.2092388474410525,0.20927194040406355,0.20937003284123093
0.5744861912037037,15.704151513571924,15.656854266544235,15.416375853721906,14.84320406279172,13.22439387242069,0.956211451937289,1.3472395250591216,0.20921057592531284,0.2092316743293667,0.20924661249160423,0.20927601375018398,0.20937066973749927
0.5818373837962963,15.440446105387444,15.364894033366888,15.164506968059134,14.679743125201622,13.152604357616317,0.972504529673137,1.3426891895810744,0.20921962029700358,0.20924125766472776,0.20925447353302892,0.20928069060211216,0.2093719151798223
0.5891589460069444,15.208005460034267,15.085558394473898,14.908930987975479,14.498470261889219,13.05913462396964,0.9882101406793825,1.3383743861733197,0.20922776643339294,0.20925051627209837,0.2092625573963287,0.20928597399282828,0.20937368657468364
0.5965388761226852,15.044425257160578,14.825938845059369,14.651069446000966,14.301674134803202,12.950935187490911,1.0005465480123181,1.3335901909759666,0.20923360729102913,0.20925922211682255,0.20927081711458512,0.20929180014493387,0.20937584987532123
0.6041077682060185,14.935771891556028,14.59363207810737,14.392314831334833,14.08761994251025,12.82487036271494,1.010156789821199,1.3282214666604395,0.20923756748468447,0.20926709114887462,0.2092792029293855,0.209298232249624,0.2093785071408543
0.6113334564699074,14.874051386118946,14.408848891342387,14.157724969768804,13.875957844826408,12.690600558965341,1.0171033442958446,1.3226819766858355,0.20923990057954073,0.209273409654258,0.20928688884836416,0.20930468705812866,0.20938146496146695
0.6193293885185185,14.840541390619494,14.247160442716554,13.919724002009822,13.639664273883529,12.528030238793415,1.02287287946504,1.3161209933563616,0.20924128717970064,0.20927899431981437,0.20929476771436484,0.20931200117028623,0.2093851910661729
0.6263037590856482,14.8323816311069,14.140761966704828,13.735340501012862,13.437371995124304,12.37681707814403,1.0266690715754272,1.310081225634306,0.20924176554800358,0.20928271271696264,0.2093009300132959,0.20931835075923946,0.20938878090902635
0.6338235247800926,14.82140369110597,14.054833100396268,13.562537284552626,13.228169436706619,12.204882025847741,1.0313621845342225,1.3036860700582236,0.20924230102007527,0.2092857423337383,0.20930674901076138,0.20932499501711513,0.20939299249486357
0.6411385797453704,14.80006774072282,13.990159915164911,13.41990772516825,13.03810521039511,12.03252956427835,1.0370651524159895,1.2978250765427497,0.20924319112412584,0.20928804628295214,0.20931158949104192,0.2093311020418627,0.20939733397043783
0.6484305955439815,14.770463476821396,13.93705433493418,13.300318072983629,12.864901665381442,11.860748269413477,1.0434414522058804,1.2923807932005005,0.20924436562128776,0.20928995678435316,0.20931567916137578,0.20933672562355501,0.20940177105517416
0.656441024537037,14.731131751695274,13.886196120289219,13.190800469419935,12.694762539779989,11.677026732006228,1.0507404454917024,1.2868913517617373,0.2092458907525144,0.20929180163403263,0.209319453020537,0.20934230344976645,0.20940663715257632
0.6642991433564814,14.688317990263767,13.840364301989515,13.10114468364961,12.548156932527803,11.50579817792633,1.0577382427788555,1.2820187258653262,0.20924753271449634,0.2092934743701143,0.20932256612016129,0.20934715325329697,0.2094112838982592
0.6714955007638889,14.645535881988046,13.797734528771432,13.02861657837192,12.428537581127959,11.35576068703828,1.0655297176910212,1.2784221875445134,0.20924912751614302,0.20929500754660207,0.2093250799068777,0.2093511244549705,0.20941543151975597
0.6788410288078703,14.594316801364048,13.74631929663871,12.954676102353798,12.313747313301196,11.199931055546426,1.080372356431154,1.277012220883083,0.20925093165065278,0.20929682170929448,0.20932763271825375,0.20935494270056684,0.20941978660857513
0.6860079435879629,14.538072983491062,13.689362236148293,12.881935426974382,12.207925846991015,11.046176320650416,1.1009914721034657,1.2779140004741023,0.20925283865809313,0.20929881644121298,0.20933015083852527,0.20935848378601157,0.20942408051916486
0.6935851744791667,14.473436057334247,13.622757288727273,12.803512115627031,12.101069834552241,10.882532312834831,1.1284670577454148,1.2812953941413099,0.20925497706229287,0.20930113145372636,0.2093328689498109,0.2093620799573399,0.2094286547232828
0.7016892492013889,14.399864675771758,13.545394243672188,12.717111219595864,11.990459010080444,10.706113178382072,1.1635294784816297,1.2876643243481756,0.2092573741740226,0.20930380051467481,0.20933586204570467,0.20936582025894626,0.2094336042398311
0.7086350187268519,14.333920890689635,13.474915181011047,12.640662486407418,11.89731108775372,10.55316206723898,1.1978249472980331,1.2953863268991044,0.20925950239084842,0.20930621834293456,0.2093385069877865,0.2093689811572941,0.2094379168867098
0.7157888767476852,14.267850225300593,13.40795015116129,12.568968487619005,11.81061492958678,10.409627700959637,1.2288961160952994,1.3038958051653993,0.20926170852869125,0.20930855883067834,0.20934103775966353,0.20937198125628556,0.2094420036831232
0.7231974759953703,14.20585281080212,13.348293429186578,12.506012088228898,11.733761062482724,10.288316135330444,1.24957438334328,1.3118216706852235,0.20926387841007751,0.20931063444031478,0.20934325446525187,0.20937464580767107,0.20944555416952612
0.7306767469675925,14.15093975103764,13.295362155440493,12.450491207594851,11.665753624730554,10.190641042691986,1.2594669189450376,1.3188420691022327,0.20926587953303014,0.20931246497050027,0.2093451916589256,0.20937699155047573,0.20944856560792297
0.7380864758564815,14.104082259248296,13.249274957774581,12.402197437343682,11.606572669319098,10.115124979292592,1.259715031535777,1.3247531728161854,0.20926765346479942,0.20931405830214003,0.20934686310656705,0.20937902172871373,0.20945102225325585
0.7453303315509259,14.065392025002737,13.209976987358832,12.360842043013497,11.555979755853802,10.058895627875865,1.2522838665111837,1.3294526100289386,0.20926917854199845,0.20931542575610518,0.20934828727696367,0.20938075002744455,0.20945295471123837
0.7524572353587963,14.033589163761542,13.176361096238656,12.325028829927886,11.512352327208964,10.017388282024084,1.2394485185714765,1.3330240236659798,0.209270483430795,0.2093166057010537,0.20934951364331716,0.20938223105456086,0.20945446065817366
0.7601144093171296,14.000374422571543,13.140948585439382,12.286684178476927,11.466876048781218,9.976104542090454,1.22577857831007,1.3365389567486727,0.20927182536868535,0.20931785017687332,0.20935081578189085,0.2093837574769974,0.20945597304166919
0.7671600697569444,13.969084298239247,13.108519189847836,12.251577976697648,11.426114242577386,9.93851138330396,1.2149696209149545,1.3396499628617693,0.20927306378634244,0.2093190062459605,0.20935202000945696,0.20938513117584268,0.2094573075425414
0.7745769984606482,13.935559362550467,13.074560397361049,12.215300691465204,11.384771195035103,9.899605197258513,1.2054846446441292,1.3427384127188673,0.20927436951773312,0.20932023177508816,0.20935327785156924,0.20938653286089176,0.20945864768629732
0.7823427917476852,13.900138905457133,13.039156396087634,12.178069597287353,11.343119443082205,9.859771289315919,1.1975090400759554,1.3457185107365477,0.20927573190802198,0.20932152093361447,0.20935458177204908,0.20938795389760426,0.20945999121559924
0.7910187578703703,13.86047586275545,12.999803259250566,12.137277687052324,11.298303772854,9.816439854801867,1.190663559812983,1.3487009360179285,0.20927724183286148,0.20932296218033378,0.20935602438693487,0.20938949270773352,0.2094614334113237
0.7985834041898148,13.830750645366937,12.965367212931547,12.101520192953945,11.259674140106084,9.778213488385388,1.1868213108160963,1.3511276213433772,0.20927839215801972,0.20932422411665355,0.20935729396084368,0.20939082201720452,0.20946269110925161
0.8058884506365741,13.811405486679998,12.933462509157751,12.0663568519378,11.22186221129007,9.739181289205478,1.185497178575455,1.353515553216129,0.20927915229100255,0.20932540042863493,0.20935854942355228,0.2093921295753546,0.20946395892609643
0.8139298205092592,13.797933096182165,12.901999992438261,12.028131499063393,11.180122370882623,9.694340318343478,1.1862318497804936,1.35621405454994,0.20927969284943382,0.2093265695167447,0.20935992330932002,0.2093935818599454,0.2094653975945005
0.8216087882638888,13.790606576718933,12.87632110247373,11.993095554526741,11.140543780532997,9.650173108854824,1.188615871029143,1.3588838180731257,0.20927999907803282,0.20932753167414883,0.20936119016601795,0.20939496676683134,0.20946680601710024
0.8302434118981481,13.786960344310561,12.852640477862371,11.956349362258672,11.096911358189951,9.599502099308753,1.1927763486424892,1.362028200878803,0.20928016916469522,0.20932842741206187,0.20936252616260534,0.2093965013159715,0.20946841928860455
0.8374361033680555,13.784644468856563,12.836369899690403,11.92796534352063,11.061328170429682,9.556244035703061,1.197422964137723,1.3648527229634486,0.20928026038202371,0.20932904333174934,0.20936355880113638,0.2093977543269207,0.20946979516065958
0.8448307119212963,13.773781070553579,12.819620496397713,11.89935962877354,11.024237668614086,9.50813302395332,1.2044423887694597,1.3682885644096352,0.2092806225042713,0.2093296627548233,0.20936459527552825,0.20939905931697408,0.20947132138673547
0.8527833852314815,13.753222997608635,12.79941169837722,11.869063993021811,10.984363687126956,9.452837787675756,1.214286492118441,1.3726546300108358,0.20928130923223323,0.20933039466609632,0.20936569116155854,0.20940046598611498,0.2094730585607698
0.8597401363078704,13.729325177077628,12.778894608081249,11.84246747090299,10.94970441652981,9.402154259839016,1.2245176791115848,1.3770634909419448,0.2092821094518623,0.2093311252798056,0.20936664939948896,0.2094016906886822,0.2094746412179853
0.8672705198263889,13.698640350801757,12.753300989000113,11.812958285738919,10.91232761022693,9.345390564103353,1.2370051138598595,1.3824732718776978,0.2092831386277671,0.20933202606870344,0.2093677065214952,0.20940301161972955,0.20947640893026648
0.8749999988425926,13.663082677078428,12.723349887133057,11.781334690869954,10.873868549633611,9.28543313257423,1.2511009575483691,1.3887306089344351,0.20928433248359168,0.2093330718668625,0.20936883177144744,0.20940436926495778,0.20947827415610148
0.8821856512962963,13.628072826873572,12.693381779692832,11.751463272211879,10.838851046925638,9.230312867768884,1.2643220860564066,1.395014474936859,0.20928551926911526,0.20933411861456042,0.20936989491814248,0.20940560993132926,0.20947999100806253
0.8891670070833333,13.593656496543337,12.66320139699438,11.722446872311913,10.805950385529147,9.179091717978892,1.2763807699063803,1.4013705721169076,0.2092866954675033,0.20933516786905582,0.20937092221846804,0.20940677321669118,0.20948159497235808
0.8971630996412037,13.554152673951613,12.627384482647635,11.68862097958437,10.76888222038553,9.122742875311404,1.2893225453191832,1.4089538967128783,0.20928805234834663,0.20933640753153376,0.2093721118421572,0.20940807824673713,0.2094833775107209
0.9059816144328704,13.510696904463842,12.586609635800688,11.65032124051455,10.72824491073512,9.06283648726832,1.3026807521266153,1.4176871511190046,0.20928954950875842,0.2093378140153031,0.2093734505685565,0.2094095024281127,0.20948528805277505
0.9138991378703704,13.47188198133944,12.549114805595355,11.614984355769844,10.691670632285076,9.010538542254064,1.3140263647992314,1.4258490810774465,0.20929088879949315,0.20933910443260798,0.2093746800131881,0.20941077902021807,0.20948696425887414
0.9214368612731482,13.433881085288194,12.51299506721877,11.58076960750414,10.656831704571026,8.96212361008012,1.3242068176031407,1.433849678682392,0.2092921953422789,0.2093403468840536,0.2093758683984781,0.2094119930571845,0.20948852135057255
0.9290748831018518,13.39009885322406,12.475894926704536,11.546208321768281,10.622122308774937,8.915683663112691,1.3333283595210905,1.4420183223382044,0.20929370971978553,0.20934162025180916,0.20937706615131502,0.20941320033150967,0.20949002112079151
0.936169624050926,13.34543487663472,12.44000166208722,11.513813144383608,10.590120805997788,8.874567624566499,1.3408529586559308,1.4496322797646533,0.20929526488674022,0.20934284996547653,0.20937818471439504,0.20941430938799632,0.20949135901961727
0.9436200547569444,13.29539319804258,12.400309573469384,11.479097120136707,10.556510694047878,8.833037434365814,1.3479645263329783,1.4576370103689278,0.2092970145089,0.20934420963561282,0.20937938001352369,0.20941547032708935,0.20949271812803394
0.9526583044212963,13.231479040595461,12.349154062114769,11.435548172284017,10.515412561450752,8.78435201536745,1.3557619695294585,1.467333431071238,0.20929925601004387,0.20934596379662204,0.20938087644483702,0.2094168854726778,0.20949431756427236
0.9598110238888888,13.17845936372897,12.30634952733381,11.399685041670296,10.48239338319821,8.746755558140691,1.3614593554441872,1.4749751338668822,0.20930110904991217,0.2093474337558581,0.2093821077719815,0.2094180197959786,0.20949555527299282
0.9671451729050926,13.104351072127546,12.25892306676915,11.361491161648658,10.448023097765953,8.709062081729089,1.3668548429538316,1.4827338964029235,0.20930367386045615,0.2093490581866962,0.20938341880033043,0.20941919914452464,0.20949679755752007
0.9743946709027778,13.007536073197207,12.204438053554451,11.321473630099012,10.413282616464029,8.672473281844885,1.371797987025138,1.4903039674805234,0.20930707489418254,0.2093509240088352,0.20938479053790787,0.20942038912831742,0.20949800557248896
0.9828457138888889,12.871351157950688,12.127845299799986,11.270090908350419,10.371161457039571,8.630183027487842,1.3772195198999067,1.4990337645297853,0.2093118987003633,0.20935355676567222,0.20938655069670048,0.20942182935865988,0.20949940386180657
0.9910472452430555,12.720439064759132,12.03840537787336,11.21326522834938,10.327651463344345,8.588944074730327,1.3822661126733387,1.5075291849242125,0.20931727299371938,0.20935664661680337,0.20938849905991821,0.2094233149798324,0.20950076786297606
0.9984402908101851,12.57203143573245,11.944781845084217,11.154627595850172,10.285224473699026,8.551036575745321,1.3867317570832798,1.5154108892521456,0.20932257657149744,0.20935989566686833,0.20939051370196088,0.2094247627564111,0.20950202108567795
1.0055886198263888,12.419504251785066,11.841527900559061,11.088206070510685,10.238053167699777,8.508294485124487,1.3932777698080407,1.5239496174606932,0.20932801690330877,0.20936348167882546,0.20939278900508024,0.2094263584059907,0.2095034219293136
1.0126167129166668,12.261775406868143,11.727439654513553,11.010567675941772,10.181546224718643,8.4505141544139,1.406375576080128,1.5344581891635318,0.20933359347957325,0.20936745629106812,0.2093954618513296,0.20942827820600188,0.20950528433199295
1.0205074940162038,12.076299315445752,11.587909498883404,10.911621081180572,10.108126739295201,8.36846589129302,1.428409830319338,1.54903461976928,0.20934011733048666,0.20937233342576744,0.20939889287808272,0.20943079580054924,0.2095078547665858
1.0280932125578703,11.891104505307354,11.444697257802476,10.806574458589212,10.028702536423884,8.274023871175665,1.4562191218312983,1.5659695788548713,0.20934661422688852,0.2093773484023025,0.20940255408560998,0.2094335387962063,0.20951077361629303
1.0362881578819445,11.68496675833288,11.282163251556442,10.683858907428998,9.934058365445233,8.156200692357467,1.4929381351907354,1.5875323618491675,0.20935383607992628,0.20938304480042869,0.2094068457856932,0.2094368242147776,0.2095144014958527
1.0432663355324074,11.505492246154821,11.13890581226042,10.573208346296955,9.847150220690152,8.044293073296814,1.5290562904789278,1.608477900437185,0.20936012174048385,0.20938806909209487,0.20941072743271852,0.20943985610811008,0.20951785427355868
1.0502616077430555,11.322813235051473,10.99360625467675,10.461139464752188,9.759839566938316,7.936052862626266,1.5626041116151859,1.6307424160129365,0.2093665578523824,0.20939317434682791,0.2094146762144776,0.2094429262400583,0.2095211757298681
1.0572993258564816,11.136629490345594,10.844095271741025,10.346106118244716,9.67131627879017,7.836109840921562,1.5906993061170975,1.6539928486330038,0.2093731487902022,0.20939841657446895,0.20941871691125122,0.20944602815683225,0.2095243043997331
1.0649128352777777,10.932845775413396,10.677094964156554,10.217003769141684,9.572497286060722,7.735985995786128,1.6150941186103394,1.6801394466948507,0.2093803878703817,0.20940426171175644,0.20942323651060413,0.20944947443318,0.2095275444729397
1.0727995601851852,10.719482105422559,10.49801258039878,10.077304323023855,9.465753617548073,7.638807660965975,1.6344086845392616,1.708300749410167,0.2093879932930252,0.20941052737769594,0.20942811712337583,0.20945318441675376,0.20953078097662015
1.0801672509722222,10.518523105409528,10.325268629626475,9.940920615826368,9.361432134828073,7.552182512792092,1.6476572583714493,1.7355362495691495,0.20939518084536982,0.2094165768327347,0.20943287888447068,0.2094568037933783,0.20953372693091696
1.0871973691087964,10.32790178717305,10.155737899912152,9.804873451448234,9.256641914466206,7.469560100540947,1.6578306224111252,1.7623856861560816,0.20940202934971733,0.20942252229808045,0.20943762679116118,0.20946043146693744,0.2095365682044252
1.0947739406828703,10.136373664459827,9.97024514784035,9.65103008591639,9.135248494057437,7.367735406651968,1.673254648400966,1.7927733335220917,0.20940891178093363,0.2094290449032388,0.20944300397606247,0.2094646361432414,0.20954006292225835
1.1018490376967593,9.969505750571729,9.798575739565939,9.503471651337914,9.016102136485715,7.260600906927056,1.6925741800624685,1.822359865989288,0.20941489856476989,0.20943510287572487,0.209448182210238,0.20946878153914422,0.20954366394247378
1.1096018442939815,9.796714164204754,9.614401037017487,9.339631902121683,8.880796573722082,7.131461481331457,1.7189825887141577,1.8558856927786198,0.2094210881967031,0.20944162015386053,0.2094539529820418,0.2094735092881473,0.20954793776834957
1.1168230311921297,9.64281945654694,9.447350125495731,9.186325180072332,8.751266424614771,7.001382739940846,1.7482844217546936,1.8879716965057944,0.209426590751835,0.20944754263378307,0.20945936902009063,0.20947805140186126,0.2095522055621516
1.1249999988425925,9.474474893381474,9.263638339410207,9.01310350079671,8.601491666912171,6.843954207325667,1.7866797906743237,1.9251324577951385,0.2094325972779244,0.20945406323248236,0.2094655035890836,0.20948331928906305,0.20955734702013812
1.1323391240856482,9.328119232079901,9.104415944976129,8.859900470119038,8.467160801914364,6.705015760980184,1.8194675225447803,1.9585351785315717,0.20943783877194994,0.2094597257044406,0.2094709464315098,0.20948806645959708,0.20956186604849253
1.1401449842013889,9.175892818306018,8.93907262672095,8.698213298576835,8.324282914321731,6.570617259288361,1.8457027080611603,1.9932950127238438,0.20944330732278144,0.20946559904199097,0.2094766844028081,0.20949310911053798,0.20956630888343108
1.1480198199189815,9.025308181205205,8.77440613880881,8.53439059481625,8.177602895869907,6.446174766368833,1.863891938953316,2.0273893976421875,0.20944873202124967,0.20947143761507267,0.20948248518629597,0.20949827053862366,0.2095705712684293
1.1561089050925926,8.873823028403244,8.607220475435303,8.365244072139065,8.023746678398082,6.327127597834142,1.8749013485736183,2.061193658456189,0.20945421084948368,0.209477362208475,0.20948846638965132,0.20950367342964588,0.20957477259257457
1.1644623564351853,8.72101018141626,8.436908356665219,8.190058253015362,7.861601922842839,6.210768701877063,1.8792812122699338,2.094573890742867,0.20945976408448225,0.2094834022984077,0.20949465833148107,0.20950936126976397,0.2095789697868585
1.171688895023148,8.592466838844814,8.291289638042636,8.038027029347077,7.718282383468768,6.110211565571027,1.8804467667602753,2.122245792278485,0.20946444928580785,0.209488570822922,0.20950002913176982,0.20951438221495994,0.20958263817793746
1.1792031185416667,8.465155158972895,8.141930458667758,7.8797367018342745,7.565985038639281,5.994970476164086,1.886333775667468,2.1504906495501905,0.2094690863501315,0.20949388391242107,0.20950562742206608,0.20951972107495798,0.20958680361627877
1.1864349431481482,8.348302336094852,8.002209369379399,7.729339290574326,7.418608720032756,5.874995347403385,1.8966323885263687,2.17717990590212,0.20947334356207106,0.2094988712314193,0.2095109617637558,0.20952490129058768,0.20959103288107267
1.1942944018171295,8.2261786526151,7.855435741015713,7.569026781405218,7.258834350676644,5.736499262347039,1.9125590323087232,2.205625880370345,0.20947778872389666,0.20950412391022588,0.20951666217882245,0.209530531312376,0.20959582349280848
1.2015923223958334,8.116097435754332,7.7237600685406465,7.42342360572086,7.111414554951452,5.601858523899036,1.9313593171401104,2.2315289613969367,0.20948178724747432,0.2095088432743285,0.20952184904531357,0.20953573571590434,0.2096004251728316
1.2085493348726852,8.013276084681841,7.6020650182027785,7.2876675422848605,6.972073955467224,5.4692289645822045,1.9525195555435488,2.2557883362639983,0.2094855125213521,0.2095132071383839,0.20952669054705542,0.20954066095268903,0.20960492576319592
1.2156589062615741,7.912931417922451,7.4833387877663045,7.153660186689063,6.832766520638782,5.339018245050791,1.9712826162339465,2.2792986467372023,0.20948917538736087,0.20951747610779434,0.20953148130195856,0.20954559761607194,0.20960930760149524
1.2234355941550925,7.809147267487716,7.359568514245782,7.0118095886703085,6.683344805454465,5.2101478088141455,1.9830396313722838,2.3025587312814753,0.20949297066137565,0.20952191588363195,0.2095365413593837,0.20955088260082774,0.20961372389523608
1.230430683425926,7.720218874528895,7.252320294845312,6.887047231016524,6.550012899141334,5.104054178068669,1.9865421301567814,2.3211694791157003,0.2094962266722654,0.20952575048511904,0.2095409755904311,0.2095555805782407,0.20961749331151017
1.2386985942592592,7.620367504776338,7.130511403225777,6.743202070801995,6.393782527229098,4.987981745268445,1.9831033541553467,2.3402045237471425,0.2094998945202346,0.20953009746875692,0.20954607222601485,0.20956106539271777,0.20962174606464354
1.2467339937152777,7.528748866931692,7.017622073674375,6.607817560994422,6.244078228366506,4.882527085517998,1.9730263810961908,2.355500346000534,0.2095032761675943,0.2095341246023341,0.20955085739406254,0.209566303365828,0.2096257028620986
1.2537911834837963,7.4559488693987825,6.922545739537584,6.4923859961314285,6.114422886909453,4.7922418023112785,1.9610844783765393,2.366525644751536,0.20950599549231982,0.20953751318766875,0.20955492479655058,0.2095708215509093,0.20962914314564104
1.2608778251157406,7.407540241791599,6.830805618127074,6.377824954209506,5.984329900274101,4.6927782112458685,1.954246116310457,2.376840476866933,0.20950782347312966,0.2095407885170124,0.20955895384420387,0.20957533844531512,0.2096329252058074
1.2689623626851851,7.381139053927099,6.737537287283892,6.252248399079698,5.838905903700218,4.569782545422416,1.9533006418018366,2.388061577543818,0.2095088457681528,0.20954413793142898,0.2095633816050113,0.20958038722037706,0.20963745188004473
1.2771935226967592,7.379659918591315,6.65874699874394,6.132801472767835,5.696118822972628,4.437540880732246,1.9588136481468506,2.3990321387941886,0.20950895642960132,0.20954698322207635,0.2095676047622658,0.2095853461004271,0.2096422054556023
1.2845240768518518,7.395486087342737,6.603154175016357,6.034994204394674,5.574280858219034,4.316189736524922,1.9683682608180646,2.4085437062164727,0.20950842776122067,0.2095490000669169,0.20957106844143952,0.20958957571022516,0.20964652518317767
1.2916666988425927,7.4233237918709305,6.561950804987907,5.948291508269309,5.460964220816571,4.196386364021444,1.9811816901730646,2.4176889755158455,0.20950745656011704,0.20955050104855907,0.20957414094818197,0.2095935051034791,0.20965077973951446
1.2986112980324074,7.497764274994154,6.544406623170114,5.879350361982377,5.361552875268867,4.093170261904659,1.9871530121388805,2.4244031933045327,0.20950499615360185,0.20955120876547795,0.2095766201813205,0.20959697515010414,0.20965435894965867
1.305971420162037,7.664223732751936,6.567177254442119,5.829644826516273,5.271413276457369,4.011153474517619,1.976843127072004,2.426792737891508,0.2094992449653505,0.2095504899171514,0.2095784180857847,0.20960011463273565,0.2096573224875553
1.312989377673611,7.902168732922977,6.638974855991056,5.80842925078995,5.199921551491184,3.955768117553656,1.9524209621530584,2.424575004036763,0.2094909186629086,0.20954801643782767,0.2095791994435766,0.20960258474715887,0.2096595972972806
1.3203109250694445,8.224147421347155,6.777052200974651,5.8230635481508415,5.145130041327919,3.91915509409938,1.9133207770387781,2.417712453277072,0.20947959556136792,0.20954318437586952,0.20957872347287027,0.20960446584430675,0.20966138478279822
1.3282691377777778,8.64612605046249,7.008858552835478,5.895228510264128,5.117882313532862,3.9033351073235383,1.856820809766997,2.4052859682120036,0.20946471193460406,0.20953501123935767,0.2095762404160417,0.20960540211945497,0.20966255197392758
1.3352673613078703,9.06332825838104,7.284031018394601,6.01730935831335,5.131139763812653,3.911303185083411,1.797071504099004,2.3906588896878587,0.2094499129198782,0.20952524559189803,0.20957198672517804,0.20960495223330972,0.20966280560779094
1.3424504866898148,9.450878079819928,7.600291310979493,6.18621380875344,5.176382833163657,3.926864461012231,1.7385342030069075,2.375617337849806,0.2094359970305259,0.20951391179357404,0.2095660147824729,0.20960337130490472,0.20966287789867477
1.3499494088194444,9.796288720857916,7.937173181907016,6.399105979571785,5.2581528243632425,3.9515634770151946,1.6838470985593044,2.3614668700610055,0.2094236192066059,0.20950184439362554,0.20955846556762883,0.20960053408075474,0.2096624366820094
1.357413477337963,10.097638950921032,8.266088405287121,6.638861563034696,5.375250556858118,3.9916098568551672,1.6343505787081054,2.349224343639036,0.20941282205920284,0.20949008467692987,0.20954994678652816,0.20959648082379606,0.20966122901390175
1.3648041330555556,10.367991682189235,8.578318723032028,6.8931761102844895,5.522621103913419,4.050639675341356,1.5890343797410214,2.3390841648332135,0.20940312379970072,0.20947893401795165,0.2095408907656646,0.20959136747042237,0.20965921473811025
1.371788876585648,10.60698689328792,8.857798192181944,7.14076697257066,5.685527356651188,4.125631853246272,1.5489744385938806,2.331383341159713,0.20939453941370273,0.20946895300250842,0.20953205434522382,0.20958568861702404,0.20965656386173376
1.379150299699074,10.847430738624212,9.135834144244466,7.4028598372656385,5.876294933156155,4.224698466328021,1.5092952717098334,2.3252304430970634,0.20938588664683921,0.20945902025520208,0.20952268288331446,0.20957900554697192,0.20965302380054165
1.3861656771180555,11.066455215378102,9.386619839450915,7.650104782264182,6.0715847419993025,4.337381195416639,1.4735363166112272,2.3211270870041423,0.20937799557597783,0.2094500536848001,0.2095138299263731,0.20957213132656632,0.20964898898676043
1.3936774437268518,11.294365195927197,9.641479490357051,7.90908481984355,6.29013704781538,4.475407683132186,1.4374561169116689,2.31853102819577,0.2093697836109332,0.20944093406610392,0.20950454768642401,0.2095644041584778,0.209644062408999
1.400642261087963,11.502739962879541,9.8672845035939,8.142374986331184,6.497581365639089,4.61678695222126,1.4061101804414955,2.3176677410976363,0.20936227725998333,0.20943285379169488,0.20949618287105182,0.20955704361806282,0.20963904138442702
1.4087037046875,11.742956466479791,10.11890940656948,8.403590685148396,6.739645926173723,4.793096599032445,1.3724515472580423,2.3183551129723816,0.2093536293961039,0.20942385517110781,0.20948681624030127,0.20954843166707318,0.2096328195635481
1.4163160796875,11.970318349461664,10.349557518348481,8.641899208829315,6.967446791947349,4.968851959851179,1.3433219610411569,2.3204929820818827,0.2093454528938994,0.20941561670162315,0.20947827116543702,0.20954031261740275,0.20962665659001622
1.4238567685300927,12.176461905323197,10.570946338617865,8.869823655593944,7.189733859326892,5.147960042405307,1.3174061934643801,2.323935130263367,0.20933796053688403,0.20940770579129822,0.20947009466183952,0.20953237887848566,0.2096204056188396
1.4309630507291666,12.337348419667615,10.766450503229283,9.076121354182371,7.394337708646901,5.318144337036089,1.295995508355171,2.3283135924621887,0.2093321062374493,0.20940071159968685,0.20946269512544716,0.2095250737833287,0.2096144744807511
1.4384495983101853,12.480631136214713,10.95441535922143,9.283002319341888,7.603913713081803,5.4972283124129175,1.276449922644117,2.3339758331245664,0.20932688059897367,0.2093939836929876,0.20945527662672453,0.2095175906985525,0.20960822589680364
1.445424508912037,12.59599331948656,11.112075241806416,9.46452197874543,7.792633820579549,5.66255931794267,1.2608593385009952,2.3400965466939008,0.20932265935078426,0.2093883394183837,0.20944876983551564,0.2095108513787182,0.20960244615179904
1.4528473928935186,12.704326962194353,11.26220610956529,9.644618185885626,7.985385594749933,5.835581985084483,1.246859875445969,2.347374086421282,0.20931868112620447,0.2093829648813596,0.20944231724508625,0.20950396582118652,0.2095963841384041
1.45992815875,12.79740549614967,11.389760961301505,9.803033451997761,8.160176047923088,5.99624993383841,1.2359492961356433,2.3549463232102625,0.20931525740911264,0.20937839496025662,0.20943663995381,0.2094977173457456,0.2095907354965269
1.4670947588657408,12.893733147455896,11.500595280317167,9.942971667946658,8.319509164748505,6.142866502399157,1.2304777395220068,2.3636261693796863,0.20931171732568674,0.20937440535006785,0.2094316025717287,0.20949199634087146,0.20958556373878895
1.474070829988426,12.990948778967125,11.594798975295912,10.059520946187334,8.455697948085549,6.26581285984878,1.231382556054915,2.3731673900982515,0.20930810497642052,0.20937101715478146,0.20942741127007963,0.209487108879566,0.20958116219702455
1.4810331125462963,13.087982954170682,11.679298818919703,10.159609281812344,8.574581392504976,6.369723633867218,1.237763151996238,2.3836945724940035,0.2093044611392591,0.20936797716762032,0.2094238168437328,0.20948284823989585,0.20957736243605915
1.489063793900463,13.196953488515115,11.767516811076964,10.258080539631994,8.692254980131434,6.467152224715938,1.2511672392873041,2.3970436851672288,0.2093003237951894,0.20936479723881132,0.20942028358312212,0.2094786372486168,0.20957370570682066
1.4971497990162037,13.301226954099718,11.847715409455875,10.34166017334456,8.791539850685881,6.54199365325249,1.2704960631745015,2.4117918530806333,0.2092963175560664,0.2093618957725445,0.20941728429202822,0.20947508898185213,0.20957079208739554
1.5042540840046297,13.389017097027356,11.914879665143687,10.407553026403182,8.86805749693899,6.594797976244206,1.2900543083180152,2.425611565752441,0.2092929428970145,0.2093594877238201,0.20941494810624883,0.20947238776522015,0.20956867168566148
1.5116614629976852,13.484772216129777,11.99487394829935,10.48405074841007,8.95312267821017,6.661225958438579,1.304855749142977,2.4397774671044576,0.20928935995599118,0.20935664933528994,0.20941226007775474,0.20946941216496617,0.20956608746233377
1.5187099786805556,13.581562363011404,12.079614504633632,10.563560277850279,9.03834469799311,6.7358918512885815,1.3132145822632457,2.452906827872944,0.209285821711848,0.20935364172859353,0.20940945423184354,0.209466419519283,0.20956334773126742
1.5265763201041667,13.696182911976987,12.183128474312776,10.65941582222773,9.13770966927582,6.830401100173515,1.3166794487377027,2.467145823948231,0.20928170903767512,0.209349974945805,0.20940606371031456,0.20946291932598643,0.2095600151796709
1.535036825486111,13.826592523961278,12.30412824110851,10.770850732543026,9.249864779997163,6.94329703441648,1.3145602831987084,2.481959686932289,0.20927709701436478,0.20934570706636985,0.20940212267148234,0.2094589633843641,0.20955612833119147
1.542006927337963,13.938953889687863,12.410668528864303,10.86910229996973,9.34672057940157,7.04393615578075,1.309115842963442,2.4937622929123617,0.20927315988138864,0.20934196750542539,0.20939865367549895,0.20945554787009346,0.20955270573898202
1.5493468476620371,14.03900513077506,12.521850245734486,10.972736134376342,9.447446242665745,7.147555203331148,1.3036292347588956,2.5062149834805636,0.20926956930277216,0.20933804475191076,0.20939497329794976,0.2094519719210489,0.20954919346383324
1.5570502327777778,14.108946628929914,12.627219452062867,11.076897643370087,9.548207048105498,7.246606521812702,1.301005871449193,2.5196794226591788,0.20926701649090884,0.20933432450511116,0.20939128265656148,0.20944840295516218,0.20954581313319146
1.5650765830902778,14.15092115068379,12.720212043320748,11.179183977161344,9.648816207137967,7.340735592789657,1.3014212748859706,2.53413169770986,0.20926541387612907,0.20933103573521944,0.2093876674038018,0.20944485254690046,0.2095425499759876
1.5724530372222223,14.167429475242793,12.788875149264534,11.265668914147277,9.73705781713039,7.420045786183737,1.304305781648434,2.5477831170395473,0.20926469387344068,0.20932859726681302,0.20938461467358022,0.2094417481887861,0.20953976702378235
1.5795778253935184,14.167418325172678,12.839862633771542,11.340880435714253,9.817789380388408,7.490618358479115,1.309060925395064,2.5612884851925632,0.20926454454120602,0.20932677303086555,0.20938196050603605,0.20943891416120597,0.20953726914530757
1.5866134546527777,14.155267649271664,12.876625266588865,11.406767012597241,9.89309429304257,7.555699204845145,1.3150514043744108,2.5748668432572432,0.20926482059930332,0.20932544664541725,0.20937964039948598,0.20943628089487623,0.2095349561848131
1.5943560008333333,14.132777385017565,12.906088170297862,11.473217838897462,9.974696704173743,7.629671733392414,1.3202367660174745,2.5896747970815053,0.20926547241891338,0.2093243743569213,0.20937730779032027,0.2094334403843352,0.20953233853670097
1.6018954845138889,14.104420206093089,12.924536911242022,11.530859306644802,10.051753145475546,7.704381295504519,1.3235101742103872,2.6038391478251897,0.2092663602816274,0.20932368152490843,0.20937527792553887,0.20943075610642958,0.20952973695366908
1.6092273601157407,14.07224289040636,12.933505305060654,11.579364738647843,10.123065931249256,7.778377120527545,1.3252395438120987,2.6173169951440785,0.2092674050109724,0.20932331757534,0.2093735628711038,0.20942826937671508,0.20952719403317369
1.6173339590277778,14.032495180986269,12.934130894375322,11.623937179216268,10.196648755296593,7.860414013890178,1.3257915712648185,2.6318113725259877,0.20926872338980088,0.20932323757721055,0.20937197884160547,0.20942570115640843,0.20952440068171008
1.6249999988425925,13.991601124833867,12.926716107120791,11.657277516508488,10.260307156308745,7.937014215574107,1.3253092414690695,2.6450587698469348,0.20927009838525154,0.20932344145275025,0.20937078565057882,0.20942347739418138,0.20952180914727794
1.6321507134837963,13.949982592058698,12.914256382630272,11.681775502692004,10.315046942312376,8.00856037748672,1.3235556881852617,2.6568558858683757,0.20927151302225916,0.2093238303870882,0.20936990669077207,0.20942156961913735,0.20951940418259501
1.6393230551041666,13.90445905392895,12.897052077559854,11.700709089076838,10.36581270692466,8.081260386021132,1.3201528454961802,2.667983134693964,0.2092730831562341,0.20932438537401174,0.20936921939587863,0.20941979852280954,0.2095169782908345
1.647701053888889,13.847409887194296,12.870942890887358,11.715377849082861,10.418924741372708,8.165747634008264,1.3145921448338747,2.680011895832714,0.20927507233630172,0.20932524541075387,0.20936867305945966,0.20941794163110192,0.20951418501376193
1.6551253764236111,13.793882938725506,12.842626139709578,11.721674136610707,10.459904980265692,8.238911329636865,1.3086599485667985,2.6897361234581205,0.20927695297389098,0.20932619187476473,0.20936842115302476,0.20941650527238076,0.2095117833040558
1.6622342441550926,13.740279317050641,12.811228747769135,11.721910504704843,10.49348630106557,8.30646108955755,1.3024235467985124,2.69817361484487,0.2092788457424086,0.20932725190775436,0.20936838186722972,0.20941532490813644,0.20950957689464889
1.669442325023148,13.68477864643916,12.775479552984441,11.71660621978468,10.521788836695757,8.371789504883127,1.2957507859037987,2.705805036820385,0.20928082484723656,0.20932846949409964,0.20936853720645018,0.2094143273436648,0.20950745260682935
1.6764088610300927,13.639556935770155,12.739011312685172,11.707041891706242,10.544245785829734,8.432577417130807,1.2886711275725882,2.712171210313725,0.2092824691976083,0.20932972527134835,0.20936884605141104,0.20941353431978377,0.20950548321918605
1.6840072217824074,13.600545490739314,12.699802236517353,11.692325003848195,10.563206502266429,8.49571933728494,1.2803792507287886,2.717917172515065,0.20928390617082224,0.20933108727601882,0.2093693362904133,0.20941286033991727,0.20950344987977704
1.6912979585532408,13.570984756268123,12.66452365812087,11.6749909888553,10.576033495416189,8.552424210293708,1.2721156221435332,2.722225592548401,0.20928501327605858,0.20933232351107858,0.2093699243620987,0.2094123997499286,0.20950163515242926
1.6999927007407407,13.543045087980861,12.626756360516396,11.651804828644886,10.584978378704934,8.614309931432473,1.262141839913863,2.7257975385539455,0.2092860810440075,0.20933366055595362,0.20937072231555554,0.20941207258998046,0.20949966630387534
1.7080435863425927,13.521997856735448,12.59639043298647,11.629381499499088,10.587914496779764,8.66562007516032,1.2529870042598752,2.727584582482837,0.20928690352777354,0.209334748628447,0.20937150393802256,0.2094119585237927,0.20949804375437137
1.715489959861111,13.482277229731825,12.568918784460315,11.607122433737436,10.58510058272418,8.7044604994369,1.2460326656566634,2.7282382559341065,0.20928827087762036,0.20933572034974954,0.20937227766460142,0.20941203850496037,0.20949682043696477
1.7230523119212964,13.398892109605974,12.531645884270686,11.581177845548142,10.576130478131729,8.732304448772322,1.2418491119762862,2.7283226408716534,0.20929116755105834,0.20933701690372616,0.20937318249209325,0.20941233600982223,0.20949594001899377
1.7304017342476852,13.284122986987345,12.47993218556781,11.551071673736795,10.562501786838906,8.749659066900788,1.2401199502092304,2.727909770596605,0.20929517130753283,0.20933880688028653,0.20937423254648424,0.2094128009097488,0.20949537532358198
1.7385563274537037,13.12595218274342,12.400923821690919,11.50891184969934,10.541585174352933,8.759138425682911,1.2403928523157504,2.7269468335782308,0.2093007091583051,0.20934154035384478,0.20937569942716455,0.20941352079576736,0.20949504838881552
1.7474511272916666,12.924551732221119,12.287541335532422,11.44871812495697,10.510628685954082,8.758904845143674,1.2427687246880428,2.7253482929681976,0.2093077866703699,0.20934546903973172,0.2093777890776788,0.20941458811137867,0.20949502366855724
1.7544892821296296,12.760103131042303,12.178275745191867,11.387672373692668,10.477879422857466,8.749399600140102,1.246640975080373,2.7238792078820064,0.20931365267500188,0.20934926403269705,0.20937989997707213,0.20941570848414043,0.20949529758305527
1.7615465587962964,12.631980782429405,12.058648949493413,11.312101542998793,10.433820769461798,8.725251906557888,1.2547970331398803,2.7229180178137247,0.20931824104494107,0.209353446847279,0.20938251660247564,0.20941721404046193,0.20949603509215473
1.7687671154398148,12.532608608492882,11.936778181557308,11.22346596735635,10.377942834826626,8.686173800774156,1.267237579382861,2.7225588265568836,0.2093217705836843,0.209357730151642,0.2093856016326587,0.20941913404919005,0.209497217020431
1.7771183924768519,12.446054816865981,11.804014656665501,11.111966673474654,10.301296309837117,8.624562031206423,1.2860731241742742,2.7229874767397884,0.20932480933688719,0.20936240999566022,0.20938950137100837,0.20942178068919848,0.2094990812662388
1.7850023151736112,12.383513335971283,11.689813054021165,11.002522909758449,10.219061499765205,8.551852821590526,1.3076143793720547,2.724299583214953,0.2093269710196735,0.2093664391187804,0.20939334302865337,0.20942463156186703,0.20950129630737027
1.791986457824074,12.33859716005869,11.598134851185291,10.905090681195654,10.139961466298345,8.476922309151233,1.3293380795530367,2.7262722949042235,0.2093284980001291,0.20936967137798076,0.20939677074728666,0.20942738240398548,0.20950359661411871
1.7994914197685186,12.304631382033143,11.512004544352367,10.804575543112003,10.05303361034821,8.393248316320378,1.3521038464151836,2.728592948661567,0.20932966933031827,0.20937271971800095,0.20940032553701077,0.20943042743208118,0.20950617840517013
1.8066891637731481,12.288187674273255,11.44295630997442,10.714503183940616,9.9700204337731,8.314952334659221,1.3710810763170487,2.7305015677378974,0.20933023783911833,0.2093751607680859,0.20940351145596697,0.2094333366788071,0.20950863293247707
1.8142918769907408,12.28490608163211,11.384118219177688,10.626675543868629,9.883000852558965,8.233857089102312,1.3883295561589188,2.7322214668096,0.20933034967523065,0.20937723555563942,0.2094066148140176,0.20943638358689268,0.2095112387453235
1.8218097888541667,12.29310507306238,11.339732738768019,10.54827723315669,9.798755370080444,8.155124811601665,1.4028609565983114,2.7336682479686725,0.20933006230808252,0.20937879625299619,0.20940938263731407,0.2094393319439997,0.20951381736363314
1.8302276198611112,12.313052270915543,11.305368933472177,10.471571854160363,9.708185009565346,8.068876008698252,1.4165370886085853,2.735047377747391,0.20932936672561772,0.20938000045003413,0.2094120890984406,0.20944250191604055,0.2095166824160052
1.8372651790972223,12.337848996006239,11.288695135765048,10.417466915987905,9.637168577699372,7.999586961933946,1.4257171370525101,2.7359490658341405,0.20932851494975566,0.20938058703563747,0.20941400163261215,0.209444992469109,0.20951901014496457
1.8444499480671297,12.37454931430538,11.28483537673912,10.374017453973833,9.571922346822834,7.936160996444795,1.4311158911912965,2.7361545532707665,0.20932727072332527,0.20938072935732735,0.20941554218759767,0.20944728601566354,0.20952116671334825
1.8517946063078703,12.423218724778128,11.294271536424404,10.341950195075615,9.513370894338419,7.879302623185542,1.4326933975040481,2.735585354208256,0.20932562253118972,0.20938040591446078,0.20941667917641515,0.20944934344531263,0.20952314990472098
1.8594325570370371,12.484227212331742,11.317881495730242,10.321998670848622,9.461997846202056,7.8286225527384845,1.430664484778784,2.734201003696641,0.20932355943488662,0.2093795891730568,0.20941738822733597,0.2094511479278584,0.20952496736640408
1.8667562713541668,12.551376183881942,11.353080087081878,10.315864205373082,9.422734156699,7.788243766250687,1.4257029057454873,2.7321592427832773,0.20932129040369338,0.2093783716809818,0.20941761112675822,0.2094525275395086,0.20952645733579192
1.8749999988425925,12.63582820415319,11.406458957494145,10.324188259562012,9.391215982295753,7.752790712728691,1.417118875556192,2.729080879443701,0.20931843721602228,0.20937652846975646,0.20941732889549583,0.20945363712077641,0.20952781369821458
1.882387147337963,12.710306041363628,11.459064114197181,10.339103808403081,9.369795379445081,7.721323898852889,1.4114761690149977,2.726722603339386,0.20931586362183746,0.20937468575346888,0.2094167873974228,0.20945436662247843,0.2095290169538319
1.8899927364930555,12.777423114030775,11.510529138740024,10.356126849038722,9.350399701236716,7.681111174064579,1.4120419703965599,2.725869384756087,0.209313500150391,0.2093728924996751,0.20941618007525326,0.2094550298800162,0.20953045921653904
1.8972727657638888,12.833728253416645,11.556499184290383,10.374018203896506,9.335277200266606,7.637403017599602,1.4177958563372801,2.7265444818338977,0.20931147698138425,0.2093712975615684,0.209415554559859,0.20945555634701535,0.20953192917285468
1.9055853840740742,12.890220331854442,11.604207072643707,10.395135728883753,9.321633252345132,7.583133126729114,1.4296188521466302,2.729089323067956,0.20930940243667664,0.2093696426256462,0.20941482508420278,0.2094560423919732,0.2095336847558164
1.9133467772685184,12.93685363271009,11.64384207720443,10.414310920265411,9.311435130263185,7.529330927848315,1.4448999571223635,2.73315992593964,0.2093076514290372,0.20936826257976934,0.20941416685625402,0.20945641474955126,0.20953538788500392
1.920536651261574,12.975045075732949,11.678692206027822,10.433192925430683,9.305518319457734,7.480803267587995,1.460568786502011,2.7380292618837885,0.20930619590587607,0.2093670619162139,0.20941353904250826,0.2094566591643726,0.20953690716234522
1.927542537372685,13.004899227958283,11.719898712916804,10.462604395594365,9.312243842532915,7.452123939152193,1.4691988785561585,2.742041174655323,0.20930509062782274,0.20936564310933406,0.2094125548503855,0.20945647861089048,0.20953776802860985
1.9353102988425925,13.031689547369648,11.770147341151736,10.505645291555762,9.332466156645284,7.44282520713479,1.4702984842992601,2.745377313193641,0.2093041493089152,0.209363887814153,0.2094110754961601,0.2094558145323277,0.20953808879307181
1.9430024565509258,13.054122123088165,11.821493855090075,10.556458016519072,9.364001750888002,7.454669731715935,1.4634770494862497,2.747550231295108,0.2093034101938835,0.2093620828004568,0.20940930374939692,0.2094547361632428,0.20953780420236728
1.9505972573958332,13.074184509420984,11.871972364142213,10.612627456500668,9.405348071687742,7.4848012410027405,1.4500757422879094,2.7486008106604696,0.2093027917419447,0.20936030847033144,0.2094073322622484,0.20945330140211768,0.20953696351712423
1.9583332988425926,13.094117387981635,11.922201077972197,10.674099945177598,9.456756307646653,7.53228329331328,1.4307943199942137,2.7485432174831503,0.20930221147676942,0.2093585516294836,0.20940516969585196,0.20945150648343083,0.20953557344511597
1.9652778742939814,13.046992718059704,11.954215442647993,10.72306838878927,9.5014832373407,7.574464521042079,1.4151706848498256,2.7486802036460545,0.209303708801228,0.2093573738197167,0.2094034013852977,0.20944989725681243,0.20953433407122624
1.9722376371875,12.889608375963014,11.950770823238415,10.756844514937518,9.537187709634296,7.602781360897954,1.4068662704448205,2.7501782777990393,0.20930916607375033,0.209357412436465,0.20940216655575808,0.20944860627573894,0.20953349917807101
1.9793429648032408,12.641885333604998,11.900495051388642,10.772415213440057,9.564702197680234,7.6186888975254385,1.4052061643730642,2.75300182351012,0.20931787889298462,0.2093590911217181,0.2094015735364626,0.2094476123494725,0.2095329691689159
1.9865245597685186,12.323841465657116,11.798924475298527,10.76430848035075,9.581790130900858,7.622240432530614,1.4097193230929783,2.757029767298905,0.20932914933891333,0.20936257994882693,0.2094018125061913,0.20944699094366614,0.20953276768809007
1.9939692304976853,11.940244492831262,11.642037804404035,10.727047249696708,9.58576457966873,7.612809553828216,1.4201808258817559,2.7622328988099065,0.2093428196879367,0.20936803185774033,0.20940307462719943,0.20944683158987187,0.2095329381487124
2.0009653406481482,11.542957681694952,11.45127971685432,10.663666790109865,9.5747317342633,7.59155116301576,1.4347440536210012,2.7678387635976125,0.20935706166593504,0.20937470875526282,0.2094052608815468,0.20944720067486788,0.20953347726428162
2.0084707821527776,11.141473284630983,11.209840175255907,10.566345570321062,9.547147654409429,7.558597416297065,1.4533461835665475,2.7740091021159707,0.20937165369684346,0.20938322599190134,0.20940865063392247,0.20944815595118368,0.20953436912413298
2.0163504771064815,10.773507976773594,10.933874810657096,10.4337472903983,9.499496206535792,7.5137272752973505,1.4748626517796686,2.7801096974240953,0.20938500327071055,0.2093930197031294,0.20941329291355118,0.20944981059368417,0.2095356501455414
2.0233950740162037,10.480361165260074,10.679446450326228,10.292312316178672,9.43965103470364,7.463430707081289,1.4956871285314342,2.7849759176126283,0.20939561419003253,0.20940208056704399,0.2094182645968145,0.20945189265905678,0.20953714828489284
2.0309536000925927,10.194460944022458,10.406080951456405,10.121289908502124,9.357577711164543,7.397751485872957,1.5196429708282528,2.7893821050492416,0.20940593752758635,0.20941183670300317,0.2094242966530062,0.2094547548348229,0.2095391579386828
2.0396551128935183,9.892865245742914,10.096823543307561,9.90597246083221,9.241717556494038,7.306326973136763,1.5492959954006371,2.7932834223905405,0.2094167991371436,0.209422889486668,0.20943191517413076,0.2094588067496019,0.20954201150726276
2.0466792374768517,9.662819682521338,9.85356488469302,9.722229158236523,9.13387738500273,7.222074387757072,1.5738920043418088,2.795258422929901,0.20942505701143754,0.20943158867223416,0.2094384345297176,0.20946259275548132,0.20954467535802082
2.0539537852083334,9.425937991680565,9.606260730505953,9.525153238260824,9.011333813240034,7.130758068149801,1.5970819471552242,2.7953873552841793,0.20943356128573049,0.20944043265945209,0.20944543803301022,0.20946690236848112,0.2095475912100749
2.061919580659722,9.166547578102891,9.33907072747716,9.302466382768326,8.86449153556342,7.025098471448691,1.619985814726524,2.793203997150626,0.2094428810371685,0.20944998459696657,0.20945335844685908,0.20947206872492477,0.20955103758947924
2.0696356222916665,8.914638451336073,9.082884920740325,9.08126256458044,8.710454140311477,6.916063105192057,1.6401314691071207,2.78880436335883,0.20945193876462295,0.20945914148826872,0.2094612330676673,0.2094774929473135,0.20955465526779918
2.078026274537037,8.639422386792347,8.80643674283616,8.83600213355041,8.53111142400027,6.789268007825742,1.6602898334703133,2.7815834882680845,0.2094618422355806,0.20946902343974425,0.20946997275966256,0.2094838167388672,0.20955891227084383
2.0850456168171294,8.408355738657864,8.5763747426255,8.627906037015197,8.372664729787338,6.676322253645174,1.67614702317767,2.773730207697494,0.2094701705392413,0.20947724958056277,0.20947739533485837,0.20948941202985216,0.20956273444577678
2.092217635138889,8.1833954041204,8.3429087274448,8.413165694062029,8.203783240629953,6.554431830768686,1.691712614828955,2.764153161095751,0.20947830891134647,0.2094856039288022,0.2094850617675127,0.20949538429482711,0.20956688164110207
2.099628261875,7.966389184078572,8.105508687095497,8.189797480256928,8.022742418171147,6.4216968429854315,1.707421019134209,2.7527930113523507,0.20948615661179817,0.2094941059168953,0.20949304365138469,0.20950179567629484,0.20957141767198384
2.107409151261574,7.752490529340997,7.8622462295155024,7.9547186339911855,7.826489621185139,6.275133092190421,1.7238177197268403,2.73949445847574,0.20949388913719763,0.2095028227109678,0.20950145153167668,0.20950875551018477,0.20957644435046985
2.116152710173611,7.525614338289425,7.597498622759846,7.691332553806528,7.599731910421275,6.1021059028072955,1.7424754028432112,2.7231893036149706,0.2095020860663675,0.20951231158143502,0.20951087915741784,0.2095168081391003,0.2095823965330753
2.1243290529976853,7.323492021899229,7.358670208294171,7.447102901706897,7.383032462158598,5.9329319909547396,1.7604298109698235,2.7069489641777573,0.209509382578412,0.20952086988542917,0.20951962529910273,0.20952451246918077,0.20958822961019072
2.1317910560416666,7.145639895517813,7.148140392778743,7.227012326376924,7.18242198699045,5.771865999986212,1.77818634518791,2.69182177237635,0.20951579300201278,0.2095284093459407,0.20952750767520936,0.20953165005013497,0.2095937930491782
2.139655563715278,6.963811821074992,6.9340530202878465,6.999224378610186,6.969534952448133,5.594678032233841,1.799528450610515,2.676251419526722,0.20952233406380194,0.20953606894778906,0.2095356641875318,0.20953922920597737,0.2095999068974872
2.1473808922453705,6.78963164453274,6.731291150294261,6.780485272788953,6.76036394445976,5.414577508679121,1.8230229746379343,2.6615487631131995,0.20952858656302628,0.20954331375147622,0.20954349248843987,0.20954667907766752,0.2096061042078214
2.154959967974537,6.6220551684531,6.539061060332919,6.571090613736097,6.55606482607536,5.233318632175554,1.8483802581610866,2.6478710130688397,0.20953458629364557,0.20955016921844768,0.20955097788513663,0.20955395430067034,0.20961233344526292
2.1635305137962964,6.435618134672865,6.3288790684537215,6.34068827799249,6.327048618325492,5.02430605770812,1.8796305347081779,2.633470488794245,0.20954123882064543,0.20955764445114933,0.20955919817371654,0.20956210251866486,0.20961952280389257
2.170725473460648,6.282409515232911,6.157842790811011,6.152494327861294,6.137037877907924,4.84793725236297,1.9067522380524988,2.6219621686108154,0.20954669831466574,0.20956370854356604,0.20956589483368576,0.20956885240951645,0.20962560473577344
2.1779036020370373,6.137307231655929,5.991875222388414,5.968663523114835,5.949170704012187,4.677850215007605,1.929567256806719,2.6091662325124845,0.20955186862298253,0.20956957320885722,0.20957241399245402,0.20957550984481643,0.20963151152601886
2.1854635376041665,5.992127558437182,5.8213312970743,5.777875672067657,5.751815488961474,4.504766663073666,1.948786427020387,2.5941036263768384,0.2095570242833855,0.20957556761243812,0.20957914274319606,0.20958247100133245,0.20963766658403848
2.19337882556713,5.8476533449561545,5.647654553528911,5.581097812202351,5.545558665125613,4.328888669890564,1.9642471545929727,2.5766990808843415,0.2095621376159655,0.20958163475963443,0.20958603613813173,0.2095897022826021,0.20964407640495059
2.2004012571180556,5.725416135196418,5.4982131980128175,5.40949589915705,5.363307402810721,4.176532619935126,1.9745203381680267,2.559948073166288,0.20956645061984072,0.20958682300128872,0.20959200429936556,0.20959604925411393,0.2096497369914466
2.207512108645833,5.606886896105376,5.351728349869831,5.239102241248703,5.180009424339031,4.025162424727506,1.9821336527853797,2.5418088170154003,0.2095706201045505,0.2095918772992934,0.20959788574021093,0.20960238674274043,0.20965544178599405
2.214836496412037,5.490707687906967,5.20649894179573,5.0677738624691555,4.993152172502967,3.873180208767598,1.9864075666227565,2.521519936503053,0.20957470183978055,0.20959685725380725,0.20960375104270232,0.20960879578475497,0.20966122734641762
2.2217910136226853,5.386216332271881,5.074192133513956,4.909291599868232,4.817799823226994,3.7336352618091175,1.9861720085303076,2.5002141446752537,0.20957836526168927,0.20960136356143902,0.20960912894244707,0.20961478835773403,0.20966660532456102
2.229427181701389,5.277217847444198,4.935127539366114,4.740181817349462,4.627829274743708,3.584677374320024,1.9819624759813759,2.4746162329943866,0.20958217431223333,0.20960606638425064,0.20961481608858493,0.20962306109003184,0.2096724290194843
2.2369127724189815,5.175619410006181,4.8052971647610025,4.580017113984097,4.444971678237167,3.442175936562608,1.974683775759155,2.447370276507702,0.20958571224638398,0.20961042789028003,0.20962016191457272,0.20962939270678668,0.20967805999826525
2.244148293738426,5.081866232751862,4.686036096406343,4.431135896018518,4.272281655891833,3.3073018339047278,1.9654222618980113,2.419080894762431,0.20958896529709048,0.20961441387274657,0.20962787141870973,0.2096353481207965,0.2096834241825438
2.251100004039352,4.995754374404343,4.577169530981457,4.294066314120937,4.110919077119052,3.1801368017519733,1.955130302133429,2.3901887928737677,0.2095919468383898,0.2096180400584858,0.20963260646491666,0.209640898624525,0.20968850029510527
2.258047465775463,4.926855892596375,4.473166886854068,4.161939130008666,3.9539628807149656,3.0504245852420238,1.9486696917285686,2.3616870768961493,0.20959434693559545,0.20962380555980312,0.20963715867297822,0.20964628369357957,0.2096937415917282
2.2652073446064813,4.879388734032373,4.375321616747804,4.03230560288186,3.7981694630655642,2.913170025143304,1.9482200618728145,2.3338315429490293,0.20959600197398412,0.20962825251540088,0.20964162802436087,0.2096516266755961,0.20969920590930205
2.272718701585648,4.850738955343816,4.286587765244426,3.905819829964241,3.643030634311393,2.7681248682218773,1.9534813898137757,2.306185184674061,0.209597016707343,0.20963136177719202,0.20964600140248996,0.20965695672907708,0.20970486604883745
2.280145320625,4.8396483263656345,4.214032154502792,3.7917042899533016,3.498841787675297,2.626082135617155,1.9633823891559437,2.2803685742372934,0.20959743701938816,0.2096339134440439,0.20964996029110988,0.20966192329558273,0.20971034454690743
2.288713369236111,4.844229737646725,4.148936316415116,3.674634726717,3.344517678026075,2.466427622746249,1.9792277536384233,2.25238294124074,0.20959733872764297,0.20963621419277406,0.2096540357571909,0.20966725433893038,0.20971647459164725
2.2958861122916665,4.884840097062299,4.11091077205042,3.5897866042288897,3.2261179438572944,2.338984310832195,1.9940923423588852,2.2299853899645714,0.20959617509394707,0.20963758236232502,0.2096570039633427,0.20967135950616939,0.20972134573691673
2.3029827120949076,5.0558958088342045,4.105294107846057,3.5214430073866456,3.120547246458845,2.223919116145185,2.0053561120655887,2.207016049184424,0.20959075822075685,0.20963786248160746,0.20965941382451378,0.20967503744154273,0.2097257280937005
2.310084297175926,5.361089932095575,4.152642449107094,3.473429474216371,3.0267710887211443,2.12017962630219,2.0122488807166996,2.1830583286970255,0.20958086118589714,0.20963634111916263,0.20966112718209448,0.20967831359728029,0.20972978428994105
2.3173889215046297,5.7964554092522205,4.273521512156371,3.454264213318586,2.9451190705117147,2.025497364529875,2.014208053027625,2.157426584115741,0.20956639781716255,0.20963232494805759,0.2096618546216583,0.20968117511712558,0.2097335979744653
2.3247228773842594,6.326880738157753,4.4773021044553,3.4766267180785753,2.882926742927919,1.9435119402619954,2.0102562543157725,2.130696181535958,0.2095482584042856,0.2096254719347101,0.20966115985922498,0.2096833699947757,0.20973699871541457
2.332070196608796,6.933254694452257,4.766936932717418,3.5510699176184506,2.8467815435262542,1.876248950900055,1.999558501106838,2.1029112492155497,0.20952706400352927,0.20961562965281172,0.20965867672824126,0.20968467263815818,0.20973988573409358
2.3393243683217593,7.5631934534828344,5.137557499977082,3.685793221841198,2.844792087473005,1.8282779221043175,1.9805618782695242,2.0741011723442706,0.20950461488425895,0.2096028754414028,0.20965412563601446,0.20968480718924623,0.20974204189474677
2.3463535188310187,8.146369264954625,5.56899765731901,3.882860264032365,2.883711748012869,1.804696078083346,1.9516252547252535,2.044196990062931,0.2094836699174396,0.20958782626611341,0.20964742897877278,0.20968353632180034,0.20974581043890855
2.3532980374421295,8.699647300455903,6.053284748469527,4.14380979386482,2.9683789849149367,1.8074224872479348,1.912274706332101,2.0126985385314025,0.20946370214468682,0.2095707810489194,0.20963853893738274,0.2096806857398485,0.20974606940579527
2.3604135411689815,9.248874787206002,6.587363120098225,4.477096641003077,3.108665937786975,1.8416570862580646,1.8608254679443088,1.9784041537842751,0.2094437942219353,0.2095518110730383,0.20962715547265862,0.20967591042938444,0.2097451377025823
2.3673618500925926,9.773530027561996,7.1283841484299675,4.859615491372761,3.3014436872980673,1.9105362589081099,1.800305922706487,1.9429613309540665,0.20942469829076737,0.2095317989554961,0.20961398308733525,0.20966930630524724,0.20974285102205661
2.3743485880092594,10.29467078503606,7.683854070272762,5.292466122720558,3.5517381199438565,2.0195899685012244,1.7303327185094604,1.9054356943674422,0.2094056571420176,0.2095119283621508,0.20959886315569662,0.20966069675405166,0.20973898698981114
2.3816474700694443,10.805429051927282,8.255241173821917,5.773389833999147,3.8615932594117757,2.1710697960418837,1.6537839610795249,1.8658497756009502,0.20938688456976892,0.20949155025183497,0.20958176796488834,0.20964997665004909,0.20973353131673156
2.3886379416203702,11.234991100385196,8.766969488621248,6.235544527842488,4.1862644918949785,2.341175474354584,1.584355937710738,1.829583192872086,0.2093712352861411,0.20947328728159334,0.209564673906736,0.20963872613576065,0.20972727151165532
2.3956798792708334,11.624739924136687,9.24321956969121,6.6938147288060375,4.5337521583439555,2.5357219245300393,1.518786339027342,1.794690687800142,0.20935712139259846,0.20945631047996768,0.2095478997525227,0.20962667176547295,0.20971991205078513
2.4028453780787036,11.989894464962212,9.688368617109317,7.14515054853592,4.900210166803395,2.7548011814671245,1.4568531474247994,1.7608907470126247,0.20934394806889378,0.20944046800352717,0.2095317247540773,0.20961388506314313,0.2097115038860761
2.409996187025463,12.332350474517526,10.096781589103722,7.575650217081109,5.27115769460591,2.99094613870581,1.400069190052329,1.7288950264279737,0.20933162847947082,0.20942595995996624,0.20951626651330965,0.20960050101200653,0.20970238868347335
2.4169736224305556,12.651970906032071,10.465622226974313,7.974267191272559,5.632013427693531,3.234245840572331,1.3496636163344793,1.6993616069577995,0.20932015900501377,0.20941288493205007,0.20950194897779162,0.2095871825940298,0.20969299127461544
2.4239459033564814,12.9446936107186,10.8139460720617,8.357760774137493,5.993708777098426,3.493358577824369,1.3019735264999797,1.6708181657726353,0.2093096071420096,0.20940059275333878,0.20948822013249535,0.20957426767121942,0.2096829932838979
2.431092390127315,13.21082832302734,11.151325930273043,8.739242562364263,6.3669405468210485,3.778087190878844,1.2543153618861664,1.6420075871108168,0.20930002507213644,0.209388713025575,0.2094745839952829,0.20956101897161042,0.20967198531983883
2.438201416724537,13.450884096558044,11.464841077592306,9.104353085671464,6.736673949120106,4.076741468894262,1.2088745668553265,1.6138648476692032,0.209291397583352,0.2093777037160289,0.20946155850771045,0.2095478394314137,0.20966019761268864
2.4452396449421294,13.671323759367755,11.753857145521923,9.449768199029652,7.098049150081027,4.383918399901716,1.1664484329952316,1.5865538213352668,0.20928349480291053,0.20936759017152873,0.20944926735727992,0.209534934430431,0.20964836612354018
2.4526463358333332,13.890330529136126,12.036948614445365,9.794809185010424,7.470424995799172,4.715743712834348,1.125051472512852,1.5584262173083034,0.2092756677346246,0.20935772659651242,0.2094370299302527,0.20952163787234993,0.20963627453247508
2.459683451909722,14.08893902696408,12.28805659784258,10.104441660855887,7.814058080340141,5.035302109349131,1.0892151206795615,1.5323178547108176,0.20926858063858675,0.20934901360002714,0.20942608396882395,0.2095093792228062,0.2096248424569481
2.4671757631828704,14.262512258846016,12.525289322166715,10.401362827799307,8.152362879686828,5.358143180446365,1.0597768033153385,1.5065294422515212,0.20926249363926275,0.2093407402089511,0.2094155815545713,0.2094972919262353,0.2096134153849726
2.474269883414352,14.38425398131157,12.714735989055248,10.648318385697719,8.441515563573402,5.63785284564728,1.041272381608067,1.48451434619467,0.20925842392747682,0.20933410643531414,0.2094068780187879,0.2094869944251777,0.20960349407415674
2.481549162974537,14.473751325235176,12.87410530145352,10.869129388834134,8.708398612152893,5.89856537959287,1.0303166776099502,1.4642235694162047,0.2092555750081374,0.20932849067124285,0.2093991193083176,0.20947752496173094,0.2095941797269379
2.4886387570486113,14.532359338799422,12.997350305255903,11.053845132347734,8.940336061693733,6.127024254585494,1.026249153919367,1.446603360515034,0.20925382353080355,0.20932410387584974,0.20939264181043044,0.20946932435389093,0.20958596028636825
2.49608088650463,14.568554813049333,13.095906320165719,11.217251716300753,9.15516646257623,6.340096941678066,1.027896289143042,1.4303025579626005,0.2092528573752755,0.2093205400150123,0.2093869161349914,0.20946175262998384,0.20957824314385087
2.5031383759953703,14.577667485135866,13.164292155552424,11.346735315495009,9.334599992491412,6.519591042638903,1.0336060284482167,1.4167167706592318,0.2092527382719714,0.20931801958394736,0.2093823935020855,0.2094554634621999,0.20957171421504747
2.5101056001041666,14.53231314693958,13.213222795113012,11.46144258455996,9.500993953922114,6.692501226887068,1.0381360090110934,1.4039320469222454,0.20925439183623387,0.20931617470303657,0.20937840981003178,0.20944967339205386,0.20956543988438142
2.517326374837963,14.432174063298854,13.237818627974258,11.565505630891279,9.66259524598888,6.8692706512321795,1.0408657316645755,1.3910924948163281,0.2092579013694584,0.20931513522238906,0.20937478346042862,0.2094440578026124,0.20955909901714498
2.5256171497106483,14.264310992071861,13.227358515483932,11.66198777386817,9.832262951583838,7.066732837703618,1.0420669619482326,1.376859821267567,0.2092637171461962,0.20931524687726086,0.20937139621373507,0.20943816652964517,0.20955210140138708
2.533365602986111,14.067086208031379,13.178372197111788,11.726176743680053,9.97340526047814,7.243685435643847,1.0419068020261282,1.3640383546555033,0.20927051293504847,0.20931668771146558,0.2093691094978433,0.2094332672487179,0.20954588996172324
2.5416666988425924,13.821711397113507,13.084693551082065,11.763888096287896,10.103459598968376,7.422646143787832,1.0409735394565696,1.350796569494011,0.20927894350002674,0.20931965063997782,0.20936771370552218,0.2094287505042308,0.2095396524902162
2.5490679080671295,13.593334378699314,12.96926352865056,11.770617756170157,10.201419045893044,7.575170828840273,1.0386627732777578,1.3391139511499262,0.2092868194784464,0.2093234199483229,0.2093673951884773,0.2094253558486009,0.20953438164813282
2.5565638553125,13.3699600048579,12.829307670826019,11.752086167999185,10.283031132089386,7.724532885061713,1.034187860660653,1.3270727058912306,0.20929451001983884,0.20932807242762824,0.20936793916321195,0.2094225188780869,0.20952926622003643
2.5642855471064814,13.147044805073946,12.66743379533603,11.706409754990167,10.345681265010201,7.869361423624145,1.02812087830183,1.3144276689783803,0.2093022157328132,0.20933352213042936,0.20936941467916012,0.20942032552546674,0.2095243533168292
2.5713069179166665,12.94892772970177,12.508924424713598,11.642885610795263,10.382215972611819,7.990136530103219,1.0219365709519486,1.3026994041131263,0.20930910285148513,0.20933891109333444,0.20937152057813233,0.20941902748262833,0.2095202859381121
2.5783707245023146,12.752135183274868,12.34140623139689,11.559779319270216,10.398595438352608,8.09866998635408,1.0155646904708162,1.2906663406277699,0.2093159797911342,0.2093446511392396,0.20937431315509247,0.20941841749583706,0.20951664956361402
2.585523597905093,12.555280814094894,12.165326370773933,11.457885323333544,10.393871156911956,8.192439815845491,1.0096199701536248,1.278295435234285,0.20932291074018672,0.20935072369224056,0.2093777662149761,0.20941852406881672,0.2095135103146115
2.592632675428241,12.383826425338244,11.986691495804951,11.338504646901974,10.363655203787385,8.2569756328685,1.008252375804523,1.266722647455011,0.2093289949629143,0.20935691946601856,0.20938183463638285,0.20941949239673358,0.20951132643918896
2.600129877152778,12.228331012257904,11.802127244091581,11.198293417313534,10.306998304877204,8.292491284181846,1.0123735025667642,1.2556433522538306,0.20933448810751454,0.2093633591467919,0.20938665396767936,0.20942137871230576,0.2095100509168907
2.6077410569791666,12.087591670446045,11.62312923254887,11.046962053597314,10.228238291691053,8.29800534648557,1.021415442747464,1.2456062318105494,0.20933943488323886,0.2093696304961321,0.209391893857147,0.2094240427716179,0.2095097158165502
2.6155436338078704,11.95400865053952,11.449720333230514,10.887380273843279,10.129832262316162,8.275559243373019,1.0348058093662813,1.2366235640468406,0.20934410977596593,0.20937572310009991,0.20939745260028697,0.20942740275364055,0.20951026852141313
2.623235214548611,11.827981264508164,11.28836997426246,10.729237459202903,10.019448770791278,8.229311852169426,1.0512732444468937,1.2291074122832044,0.20934850764263704,0.20938140225828325,0.20940298797277684,0.20943119696195187,0.20951159473494535
2.6303028477083332,11.715217730520788,11.148299874941959,10.586125539895933,9.910511827877494,8.17163678005567,1.0674868384154594,1.2231279436279714,0.20935245072363134,0.20938634608874598,0.20940802343119472,0.20943496853857685,0.20951332164226102
2.637416590625,11.605329091293676,11.015616235901462,10.446749160244062,9.797742289883095,8.107695923312695,1.0816534771349322,1.2173240476052045,0.20935632225213885,0.2093910409114473,0.20941294618825634,0.20943889052774117,0.20951528251130233
2.6449996587962965,11.49129932235625,10.881855459210291,10.303110159619566,9.674787695742141,8.033711844305515,1.0944605972236432,1.211351863474297,0.2093603730936363,0.20939578056814478,0.20941803002703563,0.20944317724885508,0.2095176251954815
2.651971079074074,11.388293797123216,10.764823788793962,10.175658147589534,9.560296251191357,7.96083634578293,1.1044318229980654,1.2060606357541535,0.20936405811674558,0.20939993423569983,0.20942254746642028,0.20944717862501025,0.20951998678077424
2.6591194932407407,11.283593927379487,10.64969705293406,10.049590042424445,9.442530342049473,7.881902891519447,1.1131576290033662,1.2008310086154572,0.20936782358116254,0.20940402768133237,0.2094270224882363,0.2094513049112817,0.20952258517600422
2.6666666988425924,11.173332661151612,10.532410711098276,9.921417838969603,9.318798497091377,7.79474531660344,1.1210213175577506,1.1955156946754932,0.2093718055868481,0.20940820628317783,0.20943157932939183,0.2094556522183005,0.20952548923374487
2.674355479479167,11.04934107578655,10.415146367144004,9.795329804913102,9.193919512651862,7.702009687662856,1.1282890092015239,1.1903959709063203,0.20937624477472314,0.20941238528452114,0.20943606712630894,0.20946005071471324,0.2095286076098716
2.682205339664352,10.901310435113336,10.292558471336985,9.669981112228028,9.068099682837207,7.603591632432482,1.135495979093357,1.1855495529592464,0.20938155263605657,0.20941675190535833,0.20944053372610852,0.20946449517192214,0.20953193737905407
2.689930221284722,10.738422615588263,10.165203251136205,9.548118302586516,8.946176921872382,7.504212849923115,1.1424213489651978,1.1811283699110882,0.20938739800209183,0.20942128876798824,0.20944487960957206,0.20946881304457513,0.20953531516505314
2.697112592847222,10.574745528976287,10.038964757060164,9.43425263166282,8.834183264068058,7.410327254709685,1.1487204145749237,1.1773018188200035,0.2093932761684351,0.20942578821903787,0.20944894236879938,0.2094727857141818,0.20953852018464048
2.7047981144907407,10.389250202194255,9.89472328283845,9.30994393480992,8.715081351557878,7.308787515658333,1.1553099713756705,1.1734830286671623,0.20939994335119297,0.20943093370246055,0.2094533796785684,0.20947701556256207,0.2095420011195478
2.7119850231944445,10.20964540386342,9.751212173917779,9.18991505475923,8.603473773562039,7.212894171585707,1.1614017564876447,1.1701622895331647,0.20940641631258086,0.209436058530867,0.20945766577352326,0.20948098202877188,0.20954530089901124
2.719060582337963,10.036794057604117,9.603236566892026,9.067058459806002,8.492245743666578,7.116875864249577,1.1677139906153382,1.1672008735900488,0.2094126601806054,0.2094413521001305,0.2094620552948801,0.20948493700066767,0.20954861427115434
2.727706515902778,9.831607111947388,9.417062848501816,8.910579268143938,8.353565365351612,6.997198337822514,1.1758668624283966,1.1639943590645736,0.20942007344593805,0.20944802452650935,0.20946765289737795,0.20948987264289298,0.20955274992677578
2.7352061669791667,9.657609153254239,9.25303170617388,8.769717821846656,8.230173226463483,6.8911406267131845,1.1832760456984894,1.161565147810227,0.20942636143831425,0.20945391198980456,0.2094726985379236,0.20949426847197772,0.2095564205354355
2.7437667755092594,9.462118696593961,9.064538414112407,8.604030601525547,8.0853612608695,6.767250649067807,1.192072458063326,1.1591801819720378,0.20943342759458708,0.20946068455228747,0.20947864072520941,0.2094994323392747,0.20956071567637946
2.7507990144328702,9.303351791964893,8.90940126229533,8.464758937947659,7.963153623760673,6.663036378385977,1.199544289031016,1.1575233269980463,0.20943917146105062,0.20946626285431655,0.20948364082822407,0.2095037942107351,0.20956433538705094
2.757810273900463,9.160219400039539,8.756236717180403,8.324080938734232,7.838878234447395,6.557970851654144,1.2065578776589545,1.155984931876923,0.2094444054930407,0.20947178166895453,0.2094886978681178,0.20950823543840683,0.20956799166924767
2.765524349027778,9.027276836221974,8.594244344193804,8.168462341121487,7.699549426272099,6.441463521000519,1.21340753394411,1.1543029770910587,0.2094492827948212,0.20947763233940006,0.20949429783507575,0.20951321761166566,0.20957206355179622
2.772584747060185,8.923610473070099,8.455128808238786,8.026930305299732,7.569922625129776,6.333585434343921,1.2190481079476956,1.152770090183373,0.20945310098203404,0.20948266732267898,0.20949939688686706,0.2095178553928878,0.20957584918000455
2.7809039394560187,8.818409123876846,8.30439048706776,7.863786166191879,7.415619994594253,6.204721589209373,1.2251212076489437,1.1509657962008075,0.20945699159732334,0.20948813424385518,0.20950528260963708,0.2095233801639763,0.2095803843394112
2.7890050585416666,8.729298349853893,8.171763816788962,7.7110707626863375,7.26523181967342,6.077547321655279,1.2306022960710548,1.1492005981848181,0.2094603014930977,0.2094929547605178,0.20951080035658062,0.20952876986879276,0.20958486947131008
2.7961370655787037,8.66129923000477,8.065832944487292,7.5827888113919535,7.133739285758587,5.963615400941572,1.2357462268794825,1.1477662804751365,0.20946285109937668,0.20949680983439287,0.20951543817092938,0.20953348348375417,0.2095888933008563
2.8031450282407406,8.609890999170963,7.971281221218283,7.462372806882237,7.005617298104974,5.847218109702885,1.2431294912113098,1.146966317178736,0.20946479781991764,0.20950025847980064,0.20951979429622833,0.20953807740716224,0.20959299845222204
2.811193989178241,8.565998258854368,7.875991757056566,7.332828564978677,6.861966141436208,5.7097422387353705,1.2542282623560783,1.1468299409214389,0.20946647539673663,0.20950374829896604,0.20952449059867218,0.2095432358997568,0.209597811270419
2.8191194858680557,8.534534843419195,7.796029273981785,7.21566947008547,6.725893755602569,5.572520570658902,1.2673404378763982,1.1474876463168269,0.2094676943755035,0.20950669023096477,0.209528747926003,0.2095481299573299,0.20960259007682067
2.8264613893287036,8.51315512274942,7.7333562458167435,7.116865767472605,6.605707483306903,5.445411011292295,1.2809465013075285,1.148774894059501,0.20946853730303197,0.20950900668605008,0.20953234584417893,0.20955245793205685,0.2096070066473717
2.833406332986111,8.498231616024425,7.683141661325711,7.032088932652137,6.497906457971049,5.326376679555649,1.2947443543090393,1.1505730837688348,0.20946913883727444,0.20951087131278853,0.20953543873341038,0.2095563433561494,0.20961114082718107
2.8409902761805554,8.487825955136318,7.636487903602866,6.948213894071758,6.386653390505405,5.197492925688813,1.3112962221059885,1.1533519291175116,0.20946957871840577,0.20951260779381292,0.20953849999239313,0.2095603524237935,0.20961562259668295
2.8484131655439815,8.483418664014826,7.598064750938709,6.874193434475177,6.284365449608574,5.072434332227266,1.329319262046365,1.1570475878896926,0.20946978933305707,0.20951404593766165,0.20954120620166528,0.20956404034903192,0.20961996732702753
2.8566162835300926,8.483682313431986,7.563304628526569,6.8013580393548185,6.179311926086175,4.9367366478745325,1.3508633183751169,1.1622332576364403,0.20946982505820821,0.2095153560757995,0.20954387512100742,0.20956783112607513,0.20962467577269087
2.864700010625,8.48811874622024,7.536016343140427,6.738120978369716,6.083919855613678,4.806526278227248,1.3733521670331987,1.1684540673238057,0.20946969868953627,0.20951639254799925,0.20954619743029257,0.20957127561834665,0.20962919821436565
2.873196926099537,8.496393831942191,7.513725839119358,6.679922039663228,5.992017319152353,4.674087694706449,1.3979732913598204,1.176159425972448,0.2094694246733472,0.20951724622945853,0.20954833879407495,0.2095745954991398,0.20963381134183937
2.880721473900463,8.505577058993957,7.500289708903186,6.636285588972436,5.918702228481317,4.563412378408613,1.4189478029731244,1.1836478738813365,0.20946911077881844,0.20951778059866677,0.20954995820678718,0.20957725351111392,0.209637673470844
2.8881471498842592,8.514470324742977,7.494487011954913,6.60268852131835,5.855790216066456,4.465952680035141,1.435446867182284,1.1908744130915558,0.20946881961420236,0.2095180353716317,0.20955121517018965,0.20957953977612936,0.20964110805623978
2.8954255539004627,8.52371255633604,7.493884179470276,6.577372848533227,5.802112783536548,4.381205964468855,1.447665203474309,1.197740434072932,0.2094685260238688,0.20951809259007648,0.2095521645271723,0.20958148767825197,0.20964416656589377
2.9040069209143518,8.53607050889711,7.498111380091909,6.555947988480885,5.748290986482422,4.293985693398484,1.4574828969046847,1.2055178344942252,0.20946813724218377,0.20951797454204102,0.20955297151246488,0.20958343762209597,0.2096473920901774
2.9109558740856483,8.547726782414147,7.504745809751453,6.544506511908241,5.71185699144037,4.232744153836515,1.4621851466215083,1.2115303444928969,0.20946776901720962,0.20951776030979502,0.2095534072466546,0.20958475658960704,0.2096497059685929
2.9179817486805555,8.56111937124772,7.5139275792412255,6.537639300146285,5.68113733515675,4.178732319418314,1.4643969664952405,1.2173283716236836,0.20946733818110316,0.20951745279095507,0.20955367458962584,0.20958586815010835,0.20965178281444996
2.9252890161458334,8.568048403105506,7.523286404510538,6.53297603443037,5.65358127318891,4.127325496482214,1.4660841391102144,1.2233976092457073,0.20946711164218215,0.20951712936899408,0.20955385389754477,0.2095868587703743,0.20965379226165354
2.9327524166435186,8.564956930569762,7.530245942847894,6.5296393521523965,5.62922393881167,4.07809478076096,1.4682268035715176,1.2298055533174765,0.20946723917819468,0.20951689060306855,0.20955398552544352,0.20958773566497044,0.2096557073153019
2.9407635324074075,8.552865520094207,7.533553112914814,6.526905126066971,5.607029655105134,4.028906712584398,1.4710468711915137,1.2368982377429556,0.20946768339520913,0.20951678239208008,0.20955409658658974,0.20958853806409602,0.20965760032678327
2.9493090027083335,8.53264443343409,7.531654781543313,6.523731872886642,5.586975879969651,3.9804012011298933,1.474645268735635,1.2446917810959983,0.20946841258660467,0.20951685942525589,0.20955422310900895,0.20958926603684713,0.2096594518479068
2.956817609583333,8.510374024974396,7.525315918354784,6.5198144230453545,5.571580657734268,3.9408416177328816,1.4782822724672529,1.25172605732845,0.20946920907839192,0.20951709224432827,0.20955437292001844,0.20958982610382484,0.209660953968238
2.9638609024421294,8.496012227500714,7.516142793238696,6.51471297509047,5.558425048068442,3.9061293479493266,1.4820022247535416,1.258467856781456,0.20946976372076073,0.2095174278697386,0.20955456326423322,0.20959030512206694,0.20966226713551597
2.971228511099537,8.507541582067443,7.507626138584346,6.508071766062847,5.545553871262189,3.8722091342385694,1.486039259337721,1.2656392140985964,0.20946938306653393,0.20951774740043114,0.20955480862829992,0.2095907732031429,0.20966354779833454
2.979368193888889,8.546694953508808,7.504808894312479,6.500267848764515,5.531909317561734,3.8370775454709563,1.49067111860314,1.2737187958557354,0.20946798769671118,0.20951786655882312,0.20955509697077915,0.20959126800065872,0.2096648740152472
2.9869607622800927,8.603107725569966,7.511385568952729,6.494132220823257,5.519650892150298,3.8060978879675242,1.4951685813069608,1.2814441285874072,0.20946595041476784,0.20951764569318956,0.20955532593213658,0.20959171163248644,0.2096660427847257
2.9950260360763887,8.679622663650084,7.529635192467226,6.490611397643776,5.507418465709046,3.774751184481564,1.500154840062922,1.289933582575724,0.20946317097874434,0.20951700189529518,0.20955546253908983,0.2095921542471344,0.20966722397065643
3.0021313565625,8.75644263205642,7.555451543089363,6.491163220954877,5.497586235807439,3.7480085787824664,1.5049072119448006,1.2977898182759302,0.20946034507479494,0.20951607591399063,0.209555449461112,0.2095925082308765,0.20966822981967911
3.0092008109375,8.811889690478308,7.584725643878836,6.493115545021157,5.486582913150079,3.7173890968445096,1.5124698830056738,1.3065879638097344,0.20945821240214804,0.2095150007493913,0.20955537673401067,0.20959289600858352,0.209669386089795
3.0172831505555555,8.843282453147932,7.615376802071799,6.496504152862803,5.472915437640199,3.676274027614467,1.5253417268343723,1.3182127610286298,0.2094569233062263,0.2095138573136752,0.20955525171515274,0.20959338162884086,0.20967088186632438
3.0252469826041666,8.847816587141072,7.638275577724012,6.500123824199067,5.459082153794262,3.630343351799096,1.5420406343644455,1.3314449136321338,0.20945660155651244,0.20951298165858429,0.20955511645015548,0.20959387750253253,0.20967250027991885
3.032852045891204,8.833076357596342,7.651257680227908,6.502392851688652,5.445511115072113,3.582115173962835,1.5613633610521709,1.34582936646953,0.20945698067241356,0.2095124563243759,0.20955502590576452,0.209594365690419,0.2096741718043043
3.041288465763889,8.799681441456812,7.654639869541652,6.50197651970313,5.429632320055525,3.524082784599947,1.5863208881352036,1.3638498569784716,0.20945801472060915,0.2095122613523536,0.2095550248201408,0.20959493616989203,0.20967616648171958
3.0485446371064815,8.755746100239326,7.651778610285941,6.502158442987462,5.4186605589715064,3.4775175122864654,1.6069469036473794,1.3804858038229018,0.2094594537480446,0.2095123125897078,0.20955501933657292,0.20959534942581345,0.20967772074132648
3.056328642974537,8.68995796491302,7.6441941799663855,6.505652733186308,5.412958244380778,3.440217677762477,1.6231187428958542,1.3986498290225462,0.20946169955554353,0.20951251186582437,0.20955488197102137,0.2095955717042294,0.20967896709106484
3.0636169594212963,8.613543467659348,7.62945497990678,6.509155934274126,5.411249165047962,3.415720584161665,1.6330659109439112,1.4159968898046842,0.2094643570270229,0.20951295297772968,0.20955472547442922,0.20959563662927685,0.20967985115210244
3.070742220775463,8.527177507603202,7.6063112839774005,6.5110493661990345,5.411958176065621,3.4002236924122142,1.6384358412058808,1.4332914265743903,0.20946739127403716,0.20951368483738794,0.20955461137225004,0.20959560334013091,0.2096804729207375
3.078723094884259,8.419080385997757,7.569193535856257,6.509627877553033,5.414525933589624,3.391371699114776,1.640019518063669,1.453047886815164,0.2094712159309438,0.2095148976992134,0.20955459526204792,0.20959549091044302,0.20968090544331117
3.0858007640625,8.315014532596264,7.52574356288966,6.5034411325576125,5.416958194440688,3.3890245923607916,1.638564762857211,1.4709356861592637,0.20947491468197144,0.20951634419622558,0.20955474166813415,0.20959537099285286,0.2096811119254158
3.093043116875,8.203433273766443,7.468458895868107,6.486846350032415,5.413637494767751,3.3809019350137306,1.640091644749864,1.4902831064037114,0.20947887321350536,0.20951827833392048,0.20955524189991595,0.20959543350365176,0.20968156572119717
3.1001100457060184,8.0906919771473,7.4022656164177,6.4610026180652795,5.40430639195765,3.3650037827144117,1.6459264804597225,1.5102733436227822,0.20948286508395395,0.20952054602959405,0.20955608073281903,0.2095957110690616,0.20968223297458374
3.1077869969675924,7.96447124486745,7.321231879608037,6.423413925569693,5.387878728572973,3.339485764408343,1.6568507123701812,1.5330997932228685,0.2094873292553453,0.20952334754164426,0.20955733973332744,0.20959623887218207,0.20968317668082945
3.114966991585648,7.843337670221618,7.238347030485619,6.3800768306982825,5.366609429343112,3.308311952930632,1.6710924308617123,1.555384502665133,0.20949160914046516,0.20952622845790783,0.2095588148929961,0.20959694324413514,0.20968427276730126
3.122530685451389,7.712847013085217,7.144846583041065,6.326648898278886,5.3380507250150755,3.2681967877883427,1.6899900688623142,1.5797383011861044,0.20949621444570785,0.20952948798272994,0.20956064996691798,0.20959790280110846,0.20968565776579248
3.1296529419328705,7.587910276374056,7.052859542701628,6.271208823524083,5.307317875247982,3.227776838959604,1.7091157116499938,1.6031500578702909,0.20950062997096847,0.2095327062628535,0.20956257273862675,0.20959895309787768,0.2096870190866765
3.1375053030902778,7.448834346374916,6.949383638497737,6.208618829611372,5.2746011979791545,3.194972047435255,1.7234995138437754,1.6283385515368485,0.2095055667632798,0.2095363248109814,0.2095647428955025,0.2096000700271796,0.20968807661971817
3.1444641893287035,7.324645773261803,6.854053615190015,6.149737255358231,5.244380687992523,3.175192163920632,1.7303143650802104,1.6499670596181135,0.20950998352618588,0.2095396463016741,0.2095667703651675,0.20960108482254597,0.209688784232837
3.151827789513889,7.192473542881198,6.748926377820639,6.082903556345188,5.209804012381702,3.16161400654725,1.7321561013845368,1.6720618254369253,0.20951469080042676,0.20954330094501794,0.2095690611090859,0.20960223196043776,0.20968935966913668
3.1593053874768517,7.0577903048515935,6.637782508880171,6.009815386420637,5.171190802206013,3.1535206014808694,1.7292008319700183,1.6935754416593,0.2095194942469783,0.20954716144513694,0.20957155996087343,0.20960350396211855,0.20968979938231738
3.1666666988425924,6.9250651245233765,6.524359938666082,5.932477926071903,5.12911470821453,3.1492909373544817,1.7224129457549748,1.713750662147679,0.20952423359595382,0.20955110164903384,0.20957420137417376,0.20960488558072884,0.20969013168560688
3.173819549953704,6.7998280638079,6.408733392176703,5.848327469189773,5.078346251799186,3.1326285500530595,1.7211027661349894,1.7334794941550902,0.20952869226589094,0.20955510912912403,0.2095770613056955,0.20960653755267145,0.20969099677517697
3.181644762384259,6.671186245612159,6.27939720015357,5.746791573398354,5.009655274950077,3.0859207825106565,1.7345212252714661,1.7565616478111432,0.20953323912271568,0.20955960847051963,0.2095805381704,0.20960880951945254,0.20969290394640075
3.188840997222222,6.558179071088821,6.1617192104447955,5.649157367774526,4.938709809205094,3.0206155485629784,1.7593493044554795,1.7792248218002078,0.20953720940548085,0.20956371598189516,0.20958390480294667,0.2096111873062259,0.20969529212209617
3.19609613056713,6.447550540127202,6.045560651690287,5.548680635865476,4.861734302050005,2.93612189828761,1.795490813186428,1.8035393866815792,0.20954107196549634,0.20956777487474573,0.20958738274515998,0.209613787719702,0.2096982542537213
3.204388437638889,6.323532719168019,5.9163065384013525,5.432872684587115,4.7686920430415665,2.81947519646169,1.8495281742698957,1.8332401986780251,0.20954536960432632,0.2095722873706092,0.2095913974399413,0.20961694604182476,0.2097022769036553
3.2113408243171295,6.22159909608262,5.811566707953457,5.33663360484442,4.688612967314927,2.7100336872922104,1.9029955380457824,1.8595394694496161,0.20954888801415641,0.20957594200019805,0.2095947396267537,0.20961967981392945,0.20970600322973126
3.2185848265046295,6.121863878262625,5.709605147242663,5.242353937791396,4.610957629986779,2.6116559611165773,1.9506420155350572,1.8860300573332576,0.20955234314234605,0.2095794956791771,0.2095980138107273,0.20962234311664252,0.2097091463833948
3.2256792575462963,6.029432272123529,5.6131597040366215,5.152362152914918,4.537376345663851,2.534044929388815,1.9861185324178077,1.91053765402494,0.20955553083220577,0.20958281793251804,0.20960110155691591,0.20962483940985174,0.2097117428831757
3.2330610184375,5.93810835670429,5.514535080009172,5.059123628244854,4.460896824433121,2.4700363962322305,2.011677088392061,1.934466773356163,0.20955867148363863,0.20958617282677594,0.20960425950661765,0.20962740176933883,0.2097140909228499
3.240734265451389,5.8486586573587855,5.413773960616266,4.962310648389175,4.380846840600689,2.4184676437955117,2.0267206999927967,1.957575581064717,0.2095617497116662,0.20958956334402593,0.20960750136419104,0.20963005747556254,0.20971618200072095
3.2483317253587964,5.766042204860868,5.316220954599774,4.866668172609968,4.3008642541473305,2.379436264250746,2.0310802153415444,1.9786141893159737,0.20956460348909023,0.2095928179012181,0.20961067346222373,0.209632692895313,0.20971793835589045
3.2553271763888887,5.696264494096138,5.228265044471432,4.7783201654641,4.225672736955477,2.3487938631814136,2.028833396927311,1.9966013733087584,0.20956702461557208,0.20959573085804217,0.2096135781221794,0.20963515636167038,0.2097194526691702
3.2626752464351854,5.6323624181742815,5.138170223876677,4.684868699651877,4.144014099470027,2.3136119622927676,2.025826889254152,2.0147972834794667,0.20956924987285216,0.20959870454167853,0.20961663579332077,0.2096378285564445,0.20972119506873235
3.2703320771527777,5.57576814226701,5.049112136487804,4.588644326675412,4.057692987869962,2.2737664783375418,2.0226480178571133,2.0330098955418103,0.2095712342736244,0.20960164069754614,0.2096197778777818,0.20964065930671189,0.209723066508827
3.2776291703935185,5.530211835900116,4.969832894614642,4.49894924282923,3.975017966122647,2.233208192799417,2.019873456511653,2.0496359632405086,0.20957284313352478,0.2096042516740336,0.20962270305799285,0.20964337737535843,0.209724893617778
3.2846838064699075,5.49284752602657,4.898789862603635,4.4146527575109795,3.8951065855122025,2.1919674603064454,2.0176151056760006,2.0650137295866515,0.20957417116670407,0.20960658867976165,0.2096254502386126,0.20964839636158114,0.20972670488615353
3.2916666988425924,5.461391451550703,4.834051724337773,4.334016584030513,3.816373401604346,2.1495085506531924,2.0158964294244655,2.0795463443688997,0.20957529565539543,0.20960871590162905,0.2096280777861349,0.20965105221040511,0.20972854040563585
3.298845506851852,5.454749944814175,4.777347540048025,4.257015773134243,3.7387668127067815,2.1131880359454205,2.0083714758033713,2.092606132430258,0.209575658705829,0.2096105926317154,0.20963059607386725,0.2096536796999389,0.20973006707176084
3.3062859486458334,5.495567008355779,4.735354080139448,4.184980850621276,3.6626411126393594,2.08992953321306,1.988933794084545,2.1028495747651736,0.20957440929472448,0.20961198225939326,0.2096329440769123,0.20965624642805916,0.209731167435955
3.3137510315625,5.583699428415207,4.715591431026146,4.121328335462635,3.5893125508182693,2.0773719862186115,1.9594508891583873,2.109657907067086,0.2095715444291638,0.20961263614430328,0.20963500622873005,0.20965869975100404,0.20973202302816696
3.3207273149884258,5.70580514081763,4.722790842512796,4.072798761758256,3.524449065147478,2.072458985343365,1.9246540190216228,2.112796812531174,0.20956749806633776,0.2096124044671834,0.2096365687257297,0.20966085450340383,0.20973472891469283
3.3288738169097223,5.89172474238471,4.768289571962404,4.034973350959079,3.4558251386977528,2.0724710421915282,1.8773337850869938,2.112435236677943,0.20956125548067359,0.2096109172764402,0.2096377736917406,0.20966311791421158,0.2097352555809566
3.335945031238426,6.084568328025461,4.842542827003541,4.023100988912685,3.405184115190617,2.075340544193761,1.8328311664526031,2.1087251453440614,0.20955469093562534,0.20960847089140724,0.20964103464623626,0.20966476949686833,0.20973559942352482
3.343178678622685,6.295577632599084,4.943324911366474,4.0290203876312285,3.360822807247442,2.07086179284619,1.7930422215055954,2.1035740850054716,0.20954740995337645,0.20960512123049307,0.2096407681325485,0.20966619177306003,0.20973628844148462
3.350746874050926,6.524964690288595,5.0726537897480135,4.056931627818154,3.326244977553297,2.0593601994159396,1.7589109465717911,2.097335919594127,0.20953942290867109,0.20960080968239853,0.20963976059542194,0.2096672808030257,0.20973710626973885
3.358700280625,6.772973551866125,5.232270817690284,4.111671586303033,3.3068313510431615,2.0448053551722736,1.7296749216035012,2.089942567363722,0.20953071290296912,0.20959545526723597,0.20963784763253437,0.2096678602922174,0.20973788555648282
3.366853599664352,7.032785066533156,5.4176859308357725,4.194247381443774,3.3071374898151036,2.0319560622220423,1.7049521844523101,2.0815989859726938,0.209521517403631,0.2095891794516215,0.2096349903905512,0.20966777554242763,0.20973849377267056
3.3739112072685185,7.261354095243201,5.593501955501966,4.286206801989672,3.324831479505396,2.0255711871235373,1.68648469205313,2.073864803824353,0.20951337771406392,0.20958317317345795,0.20963181789988222,0.2096671122609235,0.2097387886335897
3.381205816261574,7.508217324029645,5.793913241301806,4.404599773431646,3.364033412770872,2.030474499640907,1.666172452703674,2.0646797264750782,0.20950458780233974,0.20957629295455943,0.2096277538858546,0.20966572764539754,0.2097385621827345
3.3890104343518517,7.796198274843593,6.037667870547582,4.564339649406382,3.4359764321439705,2.0588308744172883,1.6370030069989352,2.052134619620524,0.2094943045032177,0.20956784332931952,0.2096222554314331,0.20966322037542337,0.20973741765770515
3.396155220150463,8.079282314298585,6.2859105277258935,4.739330570252927,3.5290876799759374,2.1066259656519057,1.6037034999163664,2.0383525831601492,0.2094841674939662,0.20955915965768718,0.20961619802443737,0.20965997650665052,0.20973562177474747
3.4047229074189813,8.44041640444034,6.613620320625886,4.984975241320827,3.6763638725051693,2.192780023321681,1.556141221420459,2.019222694770878,0.20947120134809755,0.20954761641192418,0.2096076355191493,0.20965484326867653,0.20973242037437737
3.4122005726851854,8.772967516012798,6.924723283082556,5.230751362124501,3.8378423494879557,2.295177751250854,1.5087088511599884,2.000487765530712,0.20945922577528087,0.20953660580702602,0.2095990017648834,0.20964921591306004,0.20972858942675998
3.4193669966087965,9.100167325557535,7.239851202496854,5.489765252923252,4.019440752090406,2.4157257495309374,1.4604105857776246,1.9813788594957766,0.20944735320243069,0.20952538487584135,0.2095898095730563,0.20964286910571683,0.20972406713922997
3.426573785520833,9.386276997061508,7.536726101440831,5.740813354005842,4.201322652521437,2.5305548818291856,1.423591833914611,1.9650347272989994,0.20943694672044988,0.20951471078987172,0.2095807895046778,0.20963646146682063,0.20971993145128923
3.4341583046527777,9.638760828130529,7.814292028169025,5.986193812260251,4.384934321037245,2.637232163178779,1.3998448596047361,1.9518960447516478,0.20942781150167009,0.20950470979585575,0.2095719537333746,0.20962999862222717,0.2097158865885185
3.4413286871296296,9.841690865956735,8.04279045695584,6.198101179243732,4.549684833386719,2.7251303935353075,1.389670737601984,1.9431321348433983,0.20942044358916462,0.2094964563723506,0.20956403353575878,0.20962421217235988,0.20971234312731937
3.4483555707986113,10.01368231247064,8.236161493281369,6.384713398587121,4.700186839462737,2.7985177093477396,1.389772342608538,1.9378483111884213,0.20941413237536424,0.2094894486408277,0.20955699547928994,0.20961893018080427,0.20970923857941762
3.4553825424074076,10.16367497415765,8.40170476007494,6.549476444315791,4.837499379150593,2.8582070526738415,1.3986992644976126,1.9357187317816436,0.20940853538480042,0.20948342422923366,0.20955094712953004,0.20961410877017472,0.20970659137853387
3.4625606828703703,10.3031879642654,8.551035189282198,6.701828932104331,4.968673615519062,2.911196315955455,1.413117093288317,1.9360191292894569,0.2094032760889842,0.20947801692539328,0.20954551199302468,0.20960954015234742,0.20970410177555399
3.4700783300578704,10.462347750655624,8.714634904770486,6.871770183853174,5.121396459196439,2.9907688116349416,1.419970643487078,1.9358468000212627,0.20939732691111887,0.20947212744473917,0.20953947603570608,0.2096042373422128,0.20970046387943206
3.477036986539352,10.625599342237884,8.874686289851285,7.037009402263754,5.274319079630717,3.0874869045442046,1.4177187668641467,1.9349822320476202,0.20939130615585796,0.20946635229336252,0.20953356869404158,0.20959873681154756,0.20969643240653854
3.4841063014814813,10.807287794155398,9.047016307171512,7.211659825015923,5.438850007658649,3.2059555963073847,1.4077666943683291,1.933463602132903,0.20938468652692876,0.20946013859146517,0.209527296860358,0.20959275929787116,0.20969175507495744
3.4912988986921296,11.007638163351974,9.233707168558258,7.396686049305768,5.61502121396293,3.3451944664298443,1.3908448818667263,1.9312978680099344,0.20937745086495735,0.20945342791762803,0.2095206371895115,0.20958635126686043,0.20968640915286876
3.498350143923611,11.217983963172337,9.428632927533464,7.585906527432468,5.796078918648728,3.4981916583829418,1.3688729306290996,1.928593317819171,0.20936989608689385,0.20944645170883455,0.20951382334464394,0.20957976417051483,0.20968061876735944
3.5056213460416665,11.433183282470692,9.63836757940995,7.786453033273685,5.988064067751984,3.667146886558103,1.3435688318569057,1.925529498103695,0.20936212389576092,0.20943895482496633,0.20950658678028564,0.2095728137151128,0.20967429176115693
3.5129208383217594,11.616604272063435,9.845156389112292,7.986617801456407,6.179579349085624,3.8376560760658984,1.3199140089368222,1.9228575675700437,0.20935552635627167,0.20943157149576816,0.2094993680945223,0.20956595663995325,0.20966781918259594
3.520217598391204,11.771924968716954,10.04185781073838,8.184846425450733,6.370579109526723,4.008698237341397,1.2984230392046678,1.9205562392614937,0.20934996219268806,0.2094245646309516,0.20949223499971611,0.20955912819045008,0.20966119635918906
3.527242673287037,11.900165561561248,10.218490646856411,8.37213451388071,6.553914249533464,4.173984624994649,1.2797910375110546,1.9186317730298346,0.20934537208766424,0.20941828506971338,0.2094855093945161,0.2095525731081745,0.2096548049771739
3.5343790527314813,12.013474480605424,10.383742956679887,8.556816527934496,6.738863855242837,4.342379776461434,1.2628263820258212,1.9169131906906671,0.20934131260398425,0.2094124201842011,0.209478890023774,0.20954596061479405,0.2096483293253479
3.5416666988425924,12.115296821602948,10.53762347926035,8.737825391685915,6.925332267302055,4.514526452740392,1.2473662369499112,1.9153485833073087,0.2093376576772903,0.2094069677644141,0.20947241477734715,0.2095392960453919,0.20964185485615416
3.5486491822569444,12.19459186809707,10.66793634768456,8.898957495738154,7.096654770529895,4.673816365483066,1.2358829499914146,1.914323514368438,0.2093347781468241,0.20940233421496365,0.20946664156657951,0.20953315671693834,0.20963600062989185
3.5568192685069446,12.259324769202285,10.795148202413296,9.067498939647395,7.282743134534633,4.846293974370752,1.2281817591513062,1.914088342802617,0.2093324107512289,0.20939780023463975,0.20946061316715678,0.20952649438439655,0.20962968261148263
3.564854210601852,12.298743867721896,10.894659117438795,9.212561370951242,7.450647713899617,5.001688476726475,1.2257059419718614,1.9148069246335908,0.20933091090298483,0.20939423904141022,0.20945543461108485,0.20952049446567264,0.20962397131505078
3.5726660699189816,12.318319170987328,10.968798423303715,9.334069238320481,7.599089930603999,5.139405969048176,1.2273323844273245,1.9163650498382678,0.20933007403627857,0.2093915658918804,0.20945110192651822,0.20951519972893126,0.20961889503116748
3.5796625862037037,12.322892053000174,11.018036017387246,9.426922876832196,7.71935530566943,5.25156917430614,1.2316297006390229,1.9184580454818272,0.20932974831508785,0.20938976935528733,0.20944779189187712,0.209510916562341,0.20961474826038248
3.5866932244907406,12.318069923980621,11.053594596878584,9.506502194093855,7.828995165180628,5.35502418998055,1.2377938940261735,1.9211286234711216,0.20932973682289555,0.2093884562083488,0.2094449625298536,0.20950702613317865,0.20961091505878654
3.5938092276967595,12.31129427751999,11.081411538654395,9.578885439078562,7.934362885144544,5.459393968819262,1.2426051806546452,1.9238273989721526,0.2093297980488375,0.20938742525864673,0.20944239923617883,0.20950330398146194,0.20960705609277896
3.601727882962963,12.30400232918063,11.104973918348366,9.650026219466882,8.044512139887836,5.575657081921371,1.2458140658853578,1.9266902848186152,0.20932988140034603,0.20938653846646746,0.20943987418299687,0.2094994119787175,0.20960281992365123
3.60957613375,12.297480943045398,11.122326987314484,9.710935476682659,8.145358352990456,5.689400232670107,1.2471525097895297,1.9293662544528003,0.20932997362561315,0.20938587515373785,0.20943770675974102,0.2094958470157057,0.20959872970138393
3.6178653080324072,12.29120071378643,11.135726717287138,9.76572878300736,8.242551736877168,5.806402926284615,1.2470644374692457,1.9319982222355299,0.2093300834531115,0.20938535661307234,0.2094357532413917,0.20949241081532796,0.2095945590685226
3.6249999988425925,12.285956916239714,11.14409300256992,9.805849345993508,8.318564982097481,5.9035645077993895,1.2461282004570133,1.9340869074578635,0.20933019465376224,0.2093850300710458,0.20943432142173352,0.20948972417822884,0.2095911149507295
3.6325519070138887,12.276216924514921,11.148719652125088,9.840274757481728,8.389534071468045,5.998771584843497,1.2457535729965206,1.9363167900841725,0.2093304559304364,0.2093848314348519,0.20943308299507774,0.20948720746335603,0.2095877463460657
3.6397630481597223,12.259450063500825,11.147750601307632,9.865112755079226,8.447366489059977,6.079412586288346,1.247093049061213,1.9386506072322383,0.20933096954206148,0.2093848346166878,0.20943218737557123,0.20948515812287555,0.20958488204935566
3.6474652688310187,12.234004961717481,11.14072647379416,9.884033000552499,8.49953665344434,6.154993248316402,1.2502363881328586,1.9413613023647274,0.20933177887528268,0.20938504996072635,0.20943150374954694,0.20948331283874647,0.20958217305583535
3.6548861584375,12.202779999119775,11.12804667347606,9.89539472672164,8.541162215633303,6.218035068841314,1.254779656723108,1.9441867349447206,0.20933279033518015,0.2093854639574376,0.20943109058530282,0.20948184339455023,0.20957989234742938
3.6629003404166665,12.162406481602215,11.107968718456828,9.90055817179396,8.57728010364052,6.275928570762496,1.2611602257183674,1.9474777084789883,0.2093341139473691,0.20938613344847903,0.20943089741342155,0.2094805708233047,0.2095777771974883
3.670139213078704,12.121639002830339,11.084746075788434,9.899645850706156,8.603011628637374,6.32044963389017,1.2677665801685993,1.9506131181987254,0.20933547221861296,0.20938691932870604,0.2094309252332021,0.2094796705453521,0.20957613746673143
3.677570337025463,12.082914275914785,11.058864413022924,9.895988254843342,8.62585983618261,6.364250245020389,1.2732380924180828,1.9536030817971992,0.20933678391208294,0.20938780545392896,0.20943105639889312,0.20947887894991535,0.20957452793010015
3.68469831693287,12.049608350210113,11.033235727542284,9.889928518715298,8.644358126626507,6.404893367666321,1.2770640709686194,1.9561800024124707,0.20933792579583235,0.20938868528054091,0.2094312709752972,0.20947823774187396,0.20957306242753404
3.692338240034722,12.01735846077829,11.00573268832163,9.880828759827974,8.660337933067412,6.446418032875294,1.2798708106595973,1.958616423550802,0.2093390468916856,0.20938963240473593,0.2094315903452527,0.20947768357335025,0.20957159210977394
3.699894383414352,11.98812205162914,10.979046022849257,9.86960959618046,8.672379333143104,6.484995176143101,1.2815910417297247,1.9606863461843214,0.20934007734216617,0.20939055523625405,0.2094319830588019,0.20947726679411482,0.20957024537536012
3.7079556883680556,11.958958839560784,10.951442353417711,9.855737882722178,8.681398088921414,6.523094412913845,1.2825439174892692,1.9625140331244901,0.20934111850867332,0.2093915145022559,0.20943246919667113,0.20947695690462104,0.20956893015705982
3.715303083275463,11.930529874530418,10.925709114160922,9.840336032845395,8.68489257858607,6.551888735015249,1.2840255421973057,1.9640696372377324,0.20934212043764933,0.20939240460163772,0.20943300232339265,0.2094768328449956,0.20956794090588096
3.7226543654976854,11.89636427374309,10.897552860919834,9.82136871333132,8.682855701460625,6.571796623137753,1.287550300869559,1.9658284624732205,0.20934331343854817,0.2093933805787237,0.2094336627960403,0.209476905481426,0.2095672463204013
3.7299513913541666,11.857009726445998,10.866827543146144,9.799670682416615,8.676342293735779,6.583708455038103,1.292832476403369,1.9677882975697543,0.2093446784707644,0.2093944482093534,0.20943442277618304,0.2094771403992449,0.20956680363396676
3.7377595522222222,11.809423395311004,10.830502073993108,9.77347458737313,8.665022730665113,6.588759770183958,1.3001637314365886,1.9701381596079173,0.20934632342506146,0.20939571156634101,0.20943534314559048,0.20947754865267465,0.20956657705623008
3.745024253090278,11.760603529578432,10.793338449328136,9.746362367167379,8.650819368358722,6.587077961789366,1.308288576324097,1.9725753655320726,0.20934800993308142,0.20939700415160548,0.20943629681459242,0.20947805873817338,0.209566576306656
3.7520189928935186,11.710374219344075,10.754661612369944,9.71796300202894,8.63426330832186,6.580648732054006,1.3169185465290159,1.9751307359237855,0.20934975332833697,0.20939835221100145,0.20943729902204464,0.2094786547164112,0.20956674025112088
3.759379607534722,11.662654127099401,10.714463035867952,9.689072269385113,8.617655766297302,6.576678857611172,1.3235592020069682,1.9774046536570533,0.20935144724933857,0.20939976630358653,0.20943832893479658,0.20947926434010766,0.20956682124937917
3.7668672714814813,11.62223564116059,10.675654439524012,9.66079505453692,8.601748026494793,6.577443686963505,1.326892754357698,1.979040156757715,0.20935290992859834,0.20940113303943766,0.20943933264187706,0.20947984389939917,0.2095667866087707
3.7744522502199076,11.588768695086996,10.63931889622525,9.63293387732132,8.585920081174793,6.5820120221990415,1.3272327048701498,1.9799926607405889,0.2093541500026257,0.2094024159169361,0.20944031779113811,0.20948041407630197,0.20956667122024975
3.7826815809259258,11.559628451968866,10.604027758195125,9.603870194077546,8.568888603390745,6.590151339507038,1.3247493976228275,1.9802162095324343,0.20935526098794588,0.20940366857572634,0.20944134442664647,0.20948102255216117,0.20956647430638808
3.79029490625,11.538129946497081,10.575542138243842,9.578475052762885,8.553316223625202,6.599787984236985,1.320352879931289,1.9796654736071373,0.20935611005447563,0.20940468807574056,0.2094422431796804,0.20948157663690375,0.2095662410871418
3.7974985254745373,11.5202839772421,10.551823013814703,9.555642376699023,8.538381365777077,6.609225722606565,1.3151888329550587,1.9785592414838753,0.2093568244751719,0.20940554255921537,0.20944305137396194,0.20948210432674338,0.20956601914243395
3.805078664675926,11.500472838472579,10.528893462639848,9.532361946472811,8.52183450845856,6.617216830127098,1.3098919405844696,1.9769770718948674,0.20935761088322608,0.20940637607454615,0.2094438793401185,0.2094826892961464,0.2095658514549362
3.813005644201389,11.478356958989467,10.506445960844452,9.509225450299002,8.504216381461411,6.623626284694817,1.3046261182936751,1.9748699684057105,0.2093584811680656,0.20940720138257682,0.20944470910342056,0.20948331586334404,0.20956573074637558
3.820370945775463,11.456554907148348,10.486401580249405,9.488852409505524,8.487876747927274,6.628052646337768,1.3000060450278388,1.9724998072540647,0.20935933254328765,0.2094079456191631,0.2094454461157164,0.20948390068021164,0.20956566262131598
3.828837236909722,11.430115127498086,10.46377436391117,9.466605954433144,8.469357964263988,6.631625156569865,1.2949940924010732,1.969290712706945,0.20936035857057356,0.2094087927487914,0.20944625815099216,0.20948456790530154,0.20956563017311042
3.8358262158680554,11.407373273571638,10.444761554085213,9.448615548856214,8.453994653544337,6.63286466309155,1.2913631983702114,1.9663273298524995,0.2093612361274837,0.20940950350529824,0.20944691502370194,0.20948511975137096,0.20956565484972758
3.8428177543055555,11.385058445120345,10.422156558483644,9.426924882894363,8.434590402973528,6.625025437365593,1.2915413086988907,1.9638886426859896,0.20936207391620235,0.2094103327885781,0.2094476951458099,0.2094858049136438,0.2095659862401839
3.8503414614120373,11.360736709027272,10.39460280107757,9.399750565282732,8.409450068561707,6.605687921401777,1.296401868238896,1.9621221633425987,0.20936294920072318,0.20941134249673418,0.209448678811583,0.20948670037349976,0.20956666173471947
3.858113984837963,11.334199595459156,10.363554126681354,9.368489878477435,8.379868707793042,6.575747618900246,1.305676759747726,1.9612561209422525,0.20936386882772365,0.20941247575410085,0.20944981572571839,0.20948776235058086,0.20956764488299018
3.8654266243055555,11.307451491573767,10.332328444970749,9.33658018169353,8.349118326736173,6.53974710020859,1.3176592187226892,1.961356184109546,0.2093647735093648,0.2094136080167708,0.20945097764813284,0.20948887111985254,0.20956880453893365
3.8730180158449072,11.277656528508112,10.298069412592557,9.301215209496387,8.31449276478358,6.495468413926913,1.3328429201113934,1.9624243083476058,0.20936576812999613,0.20941484087529771,0.2094522638928003,0.20949012190277833,0.20957022363154712
3.880407990138889,11.235233884426425,10.26236897002541,9.264672104368442,8.278228551743103,6.4461836664487935,1.3499701364044339,1.9644587153763506,0.20936713829100798,0.20941611000992288,0.20945358820575988,0.20949143111060636,0.20957180355847194
3.887732626585648,11.154577607755382,10.219662644728288,9.22580974301106,8.239670436773393,6.391321471440773,1.3691800153681086,1.9675357283033792,0.2093698480055961,0.2094176047191098,0.209454988924485,0.20949282141953063,0.20957356535447902
3.895378842858796,11.035975249817671,10.16208716629825,9.181243947756561,8.19673507172449,6.328277322836663,1.3913066764700655,1.9718980809811186,0.20937390885880097,0.20941960714204813,0.20945658469155973,0.20949436714986486,0.20957559038041754
3.9027352894791667,10.89571718916177,10.091873462401638,9.133021969306846,8.152627032558541,6.262505630784779,1.4143701462593272,1.9772188029321591,0.20937875880805581,0.20942204585366764,0.20945830115981032,0.209495951258963,0.20957770476966675
3.9108417253472223,10.71808124572655,9.997154742058749,9.07227348807003,8.100353184256253,6.1845308471519544,1.4416265281647718,1.9843696668919664,0.20938494411035624,0.2094253381618304,0.20946045329969307,0.20949782328309513,0.20958021474857158
3.917866552233796,10.549654285986257,9.90104982527654,9.012404104362403,8.05160912361095,6.112702614504909,1.466586326527471,1.9916360355663671,0.2093908560601676,0.20942868549513421,0.20946257034420232,0.2094995673674104,0.2095825343344054
3.9249276842939813,10.405273174182039,9.797799975332293,8.950236551477289,8.004914609880823,6.04939504971878,1.486756891554376,1.998681479525129,0.2093960676931656,0.2094323106852372,0.20946478308835093,0.209501258144599,0.20958455642401286
3.932592180289352,10.297876644045271,9.686333242182863,8.880509329473497,7.95688666917411,5.996556090132185,1.4998440917042377,2.005236347070169,0.209400002360795,0.20943623204784675,0.20946724709760728,0.20950298132518666,0.20958630090655594
3.9405146291087965,10.235974437401406,9.579461906278288,8.805115483858435,7.907123952584343,5.956109055236669,1.5047678649579306,2.0107623242015173,0.20940233829474225,0.20943999666429736,0.20946989561435186,0.20950474343643297,0.2095877449057547
3.948613975949074,10.217802756191567,9.486271059630075,8.72658900086419,7.854836770230908,5.926300625917488,1.5021374135503596,2.015037062580267,0.20940312873506983,0.20944328576974874,0.20947264729961967,0.20950657679974527,0.20958891360387596
3.956571336203704,10.238282412635233,9.416008819990116,8.651432869680725,7.8018871870238495,5.905412507474703,1.493479322425007,2.0178243884523237,0.20940254682157688,0.20944577366058315,0.20947528061500006,0.20950842299262692,0.2095898239746342
3.9638379758333335,10.27069735805616,9.369647159922412,8.584958588224223,7.749530033289827,5.884198498727322,1.4851974037520874,2.019863321444328,0.20940143300370734,0.20944739761192932,0.20947759397604243,0.2095102252349475,0.20959074899931465
3.9714869309259258,10.279802845453323,9.328125933008012,8.514259535167305,7.685541001783165,5.841372182085291,1.4858684019985153,2.023480954769548,0.20940108164321442,0.20944883581758975,0.2094800575501502,0.20951243484203422,0.20959238545556874
3.978980820648148,10.265790077176277,9.28951682353254,8.447020113393936,7.6182639587055165,5.781725686594605,1.4952966558512908,2.0285963242518026,0.20940152373973253,0.2094501766774741,0.20948241656580055,0.20951478164260856,0.20959446316172806
3.9861674825347224,10.234832591444373,9.250899300453055,8.384466881456616,7.551444256360883,5.7108533100201955,1.511556005989976,2.034993991071991,0.20940255112841763,0.20945152251636795,0.20948462225861755,0.2095171301282113,0.20959683024288572
3.994413826782407,10.182269530822621,9.202172114958588,8.31402732172555,7.473051784553116,5.615675818485841,1.5378719373809193,2.044177036900478,0.20940432023746533,0.20945322529287488,0.20948711467590808,0.2095199003076266,0.2095999480462356
4.001489199849537,10.125725157198003,9.155848266514358,8.254043178294284,7.404941113878702,5.524380944075002,1.565973804147585,2.053606003565845,0.20940624273507324,0.20945485135430672,0.2094892462591633,0.2095223201966571,0.20960291762266886
4.00876869900463,10.067491572550034,9.110998466042911,8.199201841863164,7.341049714412088,5.438550297774702,1.5912610879437479,2.063066548524656,0.2094082879830076,0.2094564493396304,0.20949122064358294,0.2095246186294691,0.20960564988554453
4.016035539074074,10.014386309059951,9.069812252116275,8.151233411764082,7.283887207479014,5.367539941020901,1.6090412623851078,2.071433749985108,0.20941018919657686,0.20945790260425295,0.20949293569332034,0.20952666601206274,0.20960797100624892
4.023131927534722,9.967462714955369,9.031902821268819,8.108905030217489,7.23273004348575,5.310680220092305,1.6196496845235075,2.078543484574148,0.20941189485797512,0.20945922636945233,0.2094944331496253,0.20952848290964232,0.20960993396427183
4.030977094201389,9.920934446523233,8.99244529456517,8.066434157034502,7.181035174212301,5.2603960562826275,1.6243246715175133,2.0851571654528014,0.20941361226994043,0.20946059469895922,0.2094959206796739,0.20953030356512012,0.20961177327815614
4.038795463541667,9.87990155670223,8.955757501494048,8.028109503652406,7.1343970151166465,5.221759906743009,1.622509404632253,2.090418916062201,0.20941515366786612,0.209461863436034,0.20949725154280965,0.20953193344758167,0.209613277512595
4.0457560732407405,9.84426077224571,8.923694504746775,7.995283549912651,7.095107543644426,5.192168082998683,1.6181395097192492,2.0943550797515336,0.2094164731056239,0.20946296013207924,0.2094983722262983,0.20953328509788374,0.20961448547055897
4.053211668136574,9.791704728849083,8.882584073507536,7.954391317825547,7.048319878661233,5.148174671212181,1.6200190439767381,2.099684082933981,0.20941834600384207,0.20946436888536302,0.20949976831148034,0.20953488765078124,0.20961621066721622
4.060871314837963,9.722462288874208,8.83303021270169,7.907804868657755,6.9969350856210415,5.089930953651802,1.6294555687131442,2.106587154541642,0.20942078956017635,0.20946609152916443,0.20950138248798847,0.20953666708526952,0.20961831362451652
4.068444660717593,9.641443513664349,8.776691611467621,7.857708009553107,6.943670026905892,5.021315627357586,1.6455186185561177,2.11484701085801,0.20942363771900577,0.20946806683352023,0.20950313697464004,0.20953852955683122,0.20962067269728538
4.07664732537037,9.542314070525737,8.707589499600672,7.7987757312251675,6.883193067138382,4.936247888320619,1.6696701980127173,2.1254221853139375,0.20942711640149128,0.20947050024832722,0.20950521512615633,0.2095406591202344,0.2096235293840756
4.0836096221875,9.450597348427417,8.642718412554158,7.744821800102272,6.829420698697593,4.856162317537194,1.6951374600949465,2.1357463892386592,0.2094303317283464,0.20947278891075005,0.20950712540734012,0.2095425613120972,0.20962619379109493
4.091114512662037,9.347055591701851,8.569087055610924,7.685150599654606,6.771478284589634,4.76844041330067,1.7240456821342802,2.1476196377954575,0.20943398057388476,0.2094753974601282,0.2095092533362185,0.20954462825224981,0.20962908146912618
4.098066460543982,9.248768240600407,8.498240318325665,7.629110623570122,6.718569951065172,4.690190906456966,1.7496384158949752,2.1588200473249093,0.20943745558979165,0.20947790050175544,0.20951124724545064,0.20954651327594526,0.20963167451602405
4.106001339652778,9.134387820310273,8.413686037781176,7.563062453045609,6.657779824262438,4.603727811294016,1.7774601120469993,2.1718426428543425,0.20944150648428148,0.2094808779559689,0.2095135886139125,0.2095486712289339,0.20963460042265938
4.113254784467593,9.02809200964712,8.333018795630382,7.500411159618879,6.601404648748963,4.526778999150029,1.8016727968980544,2.183969907290412,0.20944527618545167,0.2094837117333616,0.20951580321331648,0.20955066608348766,0.20963725067958058
4.121425287511574,8.906732562624834,8.238571862064449,7.427102970715512,6.536729178645324,4.441916601351234,1.8276979668853541,2.1978851094149583,0.20944958613074535,0.2094870247379456,0.20951838948309456,0.20955294928929244,0.20964021208640463
4.128518435069444,8.799603206235789,8.153908391765759,7.361264830831544,6.479633889977582,4.369906282536465,1.8490931070741066,2.21012965051404,0.20945339271448038,0.20948999347235198,0.20952071084683424,0.2095549633123815,0.2096427490785095
4.1357826746875,8.684127809043277,8.065111262893637,7.292614595564619,6.421226010373459,4.3005109624041244,1.8682836927342892,2.2224801746608445,0.20945750623959358,0.2094931056799893,0.2095231295319702,0.2095570219321527,0.2096452101654772
4.14377678599537,8.55032793129439,7.96381370507983,7.214981600571336,6.356413412979775,4.228977704034156,1.8862159709477568,2.235770456017768,0.20946229030250077,0.2094966526554281,0.20952585810456337,0.2095592989928885,0.20964779521171825
4.152273946886574,8.4016073857748,7.85122618260644,7.129422170425804,6.286292250455144,4.157454803877892,1.9020714619013002,2.249532723246488,0.2094676253512199,0.20950059524289955,0.20952885934705356,0.2095617546909663,0.2096504315541276
4.160096827453704,8.25977297045286,7.7427782011140796,7.0474621070617545,6.220239600442603,4.094845520752278,1.914179907367198,2.2618520816122127,0.20947272728411814,0.2095043967373339,0.20953173110344903,0.2095640620299562,0.2096527754723716
4.167059462581019,8.130230907045965,7.6423220882015865,6.971668799131343,6.15997966446143,4.041125833689852,1.923273083405963,2.2725178830447548,0.20947739677316457,0.2095079231469091,0.2095343856413854,0.20956616312078483,0.20965480895469943
4.174782535115741,7.985611344831803,7.52683816493721,6.884412716988788,6.09148856943045,3.983861506492412,1.9314256776929202,2.2839219221044393,0.20948262666584164,0.209511984873474,0.20953744220668455,0.2095685483089389,0.2096569950718475
4.182259496539352,7.8465021493033476,7.411444914119524,6.796558873188065,6.023280602810702,3.9306006693800892,1.937423507425323,2.294456444411353,0.20948766398125096,0.20951605053358857,0.20954051959207645,0.2095709192994322,0.20965905055602327
4.19009520988426,7.701664765865916,7.287226903783572,6.70071522391954,5.949367248312101,3.876341277775445,1.942079340327467,2.304939312302423,0.2094929137914468,0.2095204342820413,0.2095438774196748,0.20957348423085878,0.20966116715793268
4.198030641111111,7.555864852089613,7.158522694692295,6.599690770167076,5.871656406436609,3.8222974707391084,1.94545604261532,2.3149508160068204,0.2094982019268578,0.20952498346368303,0.20954741810375316,0.20957617715766066,0.20966329247107496
4.205046531111111,7.427598367643058,7.042685786192188,6.507118592924595,5.800353344991427,3.7747402305514335,1.9475894509425786,2.3232765905162562,0.2095028555410408,0.20952908323100117,0.20955066397433772,0.20957864822479094,0.20966517225003886
4.212351284675926,7.29530487562821,6.920407877630042,6.407636156803549,5.723409787674439,3.725084420936343,1.949133266955694,2.331391106298099,0.2095076605728933,0.20953341587826185,0.20955415371937983,0.2095820020617217,0.20966714066870323
4.219979865902777,7.162085213917515,6.791636722541057,6.300642767487777,5.640130894318156,3.6731308067641235,1.9499174226104712,2.3391768662903587,0.2095125031050772,0.2095379834911573,0.20955790820433115,0.20958491186287095,0.20966920504646477
4.227339173981481,7.0383288133437345,6.667188470890564,6.1946321761027345,5.556814093992898,3.622480376936567,1.950063288144863,2.345996369845159,0.20951699959578562,0.20954240052219866,0.20956162990257837,0.20958782103233656,0.20967122514068368
4.234815104131944,6.916725731067217,6.541228362074248,6.084482630134053,5.4691375538755995,3.570038905376943,1.9498095614027873,2.352214610404694,0.20952141478260009,0.2095468723758781,0.20956629114028535,0.20959088046454258,0.20967332131213962
4.242695020138889,6.792330510595864,6.40953358506918,5.966173227672641,5.373469221657535,3.5132671403535305,1.9493059437247544,2.3579821484570607,0.2095259268214323,0.20955154735056228,0.20957048900731556,0.20959421654156818,0.20967559212404202
4.2499999988425925,6.679893047735812,6.288801712125169,5.854933869873433,5.281931444727157,3.4589609435647333,1.948778671412011,2.362598521683145,0.20952999992789778,0.2095558311073012,0.2095744365827914,0.20959740626556775,0.20967776386688347
4.256953498310185,6.576768535190981,6.173846270421598,5.746170533010917,5.1898164531973565,3.3966211173379284,1.9539798067941363,2.3676257769892706,0.20953371602342347,0.20955989718879378,0.2095782866057774,0.2096006028389374,0.20968030975759822
4.2643898250578705,6.4730250855759195,6.052191438746952,5.627654359319405,5.085900113135369,3.310554026827609,1.9713945984893608,2.3751839366609238,0.20953742987931184,0.2095642022814121,0.20958249169964138,0.20960421898025589,0.20968479683691862
4.271403340474537,6.379862749415867,5.940726553157456,5.516395817804421,4.985654068857758,3.2139879654401113,1.99806491569808,2.3844233984455965,0.2095407455161006,0.20956815048509142,0.20958645278697088,0.209607723377184,0.20968842926237183
4.278404848715278,6.289887478775614,5.832995754140377,5.406802391028995,4.884684929765257,3.1050178397512824,2.0338155728885132,2.395735175002731,0.2095439261756601,0.2095731678495014,0.2095903632929647,0.20961126585871082,0.20969242744175276
4.285803829652778,6.196834002796305,5.722822048239319,5.293031250113226,4.7777370488445055,2.9781634022279952,2.080846182404202,2.410004837978335,0.20954718974946984,0.20957712775575144,0.20959442704084547,0.20961502791358103,0.20969702410620994
4.2928372854398145,6.109734238906338,5.621409782875198,5.187154852023113,4.6764478457392,2.8482957664119377,2.1336505000462926,2.4257598848998225,0.20955022441054397,0.20958076777771278,0.2095982109111429,0.20961859963420687,0.20970170422467263
4.299927332337963,6.031780274522312,5.527004677671023,5.0869675254761315,4.580118485601743,2.7292093752691367,2.181456226474978,2.4409157106847563,0.20955296836046983,0.20958416600603927,0.20960180343979318,0.20962201699519187,0.20970578747608817
4.307540672326389,5.9612770924741785,5.433033791004243,4.984516889318778,4.481412964980434,2.6247774748309656,2.2187826863735123,2.4545870809121064,0.2095554344256315,0.2095875162745495,0.20960544668608966,0.20962549867435762,0.20970946342346028
4.315000202719907,5.904558563574977,5.346565508090769,4.886562086273266,4.3860366622295075,2.542739561787781,2.2417069064276953,2.465343911865544,0.2095574088129519,0.20959055952691233,0.20960888949937462,0.20962882840349834,0.20971261966839277
4.322710028310185,5.859019229145168,5.263799569078575,4.787958930726873,4.288309435827162,2.4754981628815664,2.251989841420854,2.473697989491603,0.20955899983160536,0.20959344029387217,0.2096123206761383,0.20963221081533137,0.20971546143230846
4.330485640277778,5.826878040818351,5.188570456170438,4.69216033372891,4.1909417232806625,2.4222839933976426,2.249655659242502,2.4792598583312513,0.2095601429340291,0.20959603511526095,0.2096156271041858,0.2096355589748452,0.20971793060858018
4.337499000520833,5.813504117022167,5.129276788333403,4.609944201800585,4.104676422887081,2.3845184954027787,2.2375010923405596,2.4817423023005727,0.20956067358820973,0.20959806757708205,0.20961844699015506,0.20963851213851886,0.20971984710611657
4.345210853969907,5.834267281268364,5.077348949419433,4.525769700980212,4.012433123467649,2.3530081567208017,2.213450874047725,2.481420869252937,0.20956005572720113,0.20959983961497133,0.209621318206608,0.20964165833101955,0.20972161906825793
4.352654465,5.890706736641439,5.045175145312764,4.452495582608239,3.9265805369103775,2.330090330391082,2.181162680920128,2.4780307573314637,0.2095582058281188,0.209600927539475,0.2096238035537837,0.20964457532331573,0.20972307994927714
4.36081469150463,5.990850178030762,5.035321992240953,4.384356121553066,3.8374170607344,2.3109347452608677,2.1375538711830275,2.470811178147352,0.2095548538908963,0.2096012422859938,0.20962610094654624,0.20964759338199562,0.20972446164722744
4.367846807442129,6.1058509182074605,5.05146291701156,4.339053318264347,3.7664232170713983,2.298033160259921,2.094676714431299,2.461630792131806,0.20955096281572916,0.20960066290546048,0.2096276162149966,0.20964998730232876,0.20972549667576545
4.3749999988425925,6.246435104419321,5.093318587679622,4.308927480902548,3.701828955970835,2.2876653219638174,2.047380194687554,2.4494700117221293,0.20954616457519268,0.20959919246326653,0.20962860809349013,0.2096521561162588,0.20972641049558974
4.382294456469907,6.426837854085917,5.162915479144554,4.296772750261131,3.645470421318966,2.277985074039708,1.9979894480355285,2.434548054681031,0.20953999162362344,0.2095967547861309,0.20962897749348697,0.20965403383456363,0.20972728423596326
4.3896822371875,6.658832830431413,5.2655637385797345,4.306226445269385,3.600506979330891,2.2684442678326886,1.9488597884525738,2.417273227587311,0.20953194114465956,0.20959316760849034,0.2096286067737683,0.20965551651704648,0.20972809308757517
4.397183902650463,6.937036310098638,5.407833367994726,4.342554156829468,3.570893164455283,2.2612883130011974,1.8999671436196044,2.3975483683728087,0.2095221849536861,0.20958818595086892,0.20962731653217204,0.2096564713759423,0.20972872644413248
4.405285261759259,7.2767883405899605,5.607003156135213,4.416620488365933,3.5611604258428864,2.259510321964025,1.8480710567902578,2.3738662102421815,0.20951016910051298,0.2095811852851105,0.2096247276222236,0.20965673873085752,0.20972909888106805
4.4127199805208335,7.617758667945757,5.831729093695804,4.519987847266523,3.5763737264226982,2.266480938569239,1.800852207597561,2.3500861712810464,0.20949803313293563,0.2095732507791387,0.20962113066676172,0.20965615329087026,0.20972905103998155
4.419818936041667,7.962934620091497,6.081604117556026,4.651605289485432,3.614986613193953,2.2828237320110616,1.7563206717356636,2.3259145021716363,0.2094856709425481,0.20956438164541874,0.20961654401943147,0.20965475787343088,0.20972860529123397
4.4273244640972225,8.331842050090193,6.369701430475921,4.8179938331624825,3.677731170113454,2.305375753841267,1.7145802824733556,2.3007012693108346,0.20947238644759525,0.20955410838693053,0.2096107230120917,0.2096525123453723,0.20972795927618337
4.434623176886574,8.691520011941162,6.667476187953153,5.004717547700247,3.7612239346978056,2.3344924559082614,1.6789708546154074,2.276994352037145,0.20945940011442693,0.20954346884419361,0.2096041778051373,0.2096495540361637,0.20972694545511922
4.441568041886574,9.034886379609894,6.9626893788367274,5.20319852635733,3.8617299753037875,2.3715005739371415,1.6485125481776564,2.2552936501308234,0.20944697756991384,0.20953254989703612,0.20959719308895775,0.20964601626093532,0.20972553388820334
4.4485558902083335,9.382003123770554,7.268390070608441,5.420759850918345,3.982942346644389,2.419765571341266,1.6203515016630647,2.234404279786648,0.2094344018807794,0.20952135275092193,0.20958949824915868,0.20964176520461741,0.2097236342028375
4.455531397106482,9.730716240155353,7.580321916061756,5.65326957790534,4.122876070141012,2.4801707944134526,1.5940438974719684,2.2145871664768,0.2094217580270385,0.2095102079589161,0.2095812327629552,0.20963686740245882,0.20972123307122906
4.462854178148148,10.101439385622097,7.915037801923886,5.912589368205347,4.2895885983049835,2.5585012368474627,1.5672962276789324,2.1948317542274887,0.20940832093958678,0.20949824385023927,0.20957198040945324,0.209631045576016,0.20971810315873288
4.46986014712963,10.466547808484396,8.246106327661945,6.177445948717962,4.470029767819177,2.651844931336121,1.5404336225389614,2.1764943994891293,0.20939508136393678,0.2094864113710928,0.20956246674348722,0.20962475013460619,0.2097143694493824
4.476868745740741,10.8422930678262,8.588023030652346,6.457482482429994,4.669829044922586,2.7636780797821854,1.5121115216945349,2.1587434702063737,0.20938145190625926,0.20947419971368247,0.20955200673830235,0.20961776818067518,0.20970994218206257
4.483918382152778,11.230535476210704,8.94263839188931,6.753324189745395,4.889108743331697,2.8946762713928984,1.4822797475013123,2.141567472565127,0.20936737319656767,0.2094615591223708,0.20954128533340313,0.20961008023979094,0.20970479355469482
4.491543755300926,11.661743225884145,9.338106058539992,7.088458890271862,5.14590522403845,3.0570502911705306,1.448737891271581,2.123829187020782,0.20935174856934022,0.20944750783619076,0.2095292951272771,0.20960103468408003,0.2096984431041763
4.4986482511226855,12.073696331225104,9.717446751607293,7.414200502021231,5.402610947132652,3.2274014176709676,1.4165837826050893,2.1081404301854563,0.20933684033590788,0.20943408778042527,0.20951763526740613,0.20959194828523633,0.20969180775030655
4.505628374733797,12.451902144437259,10.094182696151963,7.74249358591131,5.667044523179824,3.408686025469225,1.3857756203221718,2.0938743053654507,0.2093230457311121,0.20942078432413871,0.20950586958943954,0.20958219313710535,0.2096847903681204
4.512596540046296,12.741893049207984,10.451624075524917,8.068909179776313,5.935662519435383,3.5955333187994225,1.358523367386318,2.0813948888841947,0.20931259543355724,0.2094081698765727,0.20949417994894803,0.20957238870338413,0.20967758377208323
4.52009336630787,12.97548022897238,10.799826358212307,8.412915353977418,6.2282044298472785,3.8022981164334357,1.33289395311555,2.069850730458998,0.20930429321056454,0.20939590171712302,0.2094818842018451,0.20956198846045146,0.20966958938580074
4.527145276967593,13.138013215390052,11.086523085839495,8.723268580331052,6.503918916695917,4.001319127675453,1.3119595157016573,2.0606612025328594,0.20929857693483186,0.20938581275616952,0.2094708158748334,0.20955217632853132,0.20966190110806115
4.53430940949074,13.25974705737871,11.336094420464592,9.01981723694605,6.780978919525492,4.206612945867137,1.2935607905923483,2.05285992265222,0.20929432622276742,0.20937703295652216,0.20946026459064407,0.20954230619504122,0.20965362546177416
4.541331706886574,13.346451949762528,11.541764587150189,9.288286581865076,7.046035522087576,4.409157058031571,1.2781188220385216,2.046588322145927,0.20929130987711664,0.20936979180593795,0.20945073537557934,0.20953286335468524,0.20964562429356037
4.548693353414352,13.407821798920333,11.72376682745875,9.549673131001681,7.31982055063556,4.6284808299157065,1.2621685699339333,2.04086495294087,0.20928913734949114,0.20936340187881664,0.2094415125396471,0.20952314940824215,0.2096373369207337
4.556598777951389,13.444862308593667,11.8874013665032,9.811082902672263,7.612120357229327,4.878791288183754,1.2425730261219445,2.0349642285456873,0.20928776089216314,0.20935765055658392,0.2094323141330935,0.20951279687369576,0.20962805137984208
4.563553594409722,13.459285520583274,12.004901659883988,10.021288432159725,7.8633349545808375,5.108316221182708,1.223819809825122,2.029900258895787,0.2092871730044891,0.20935350957708443,0.2094249323888222,0.20950391512625474,0.20961970276281036
4.571638165381945,13.460500583300762,12.112886849423258,10.240253545030955,8.144101306057248,5.381860427231739,1.2010358625129445,2.024044949778804,0.20928703840099844,0.20934969184969116,0.2094172591026296,0.20949401333240295,0.2096099123323612
4.5799376917824075,13.448916071730592,12.195320063272176,10.435694278556877,8.41574976115161,5.665457787466629,1.1774052312511736,2.017918863764493,0.20928736285720348,0.2093467651233661,0.20941042627982145,0.20948446574488072,0.20959988777307229
4.586903691712963,13.433087819205129,12.245245230367665,10.576939101831536,8.62831336725991,5.902135817007757,1.1579529438801728,2.012560545136624,0.209287871907845,0.20934498398207438,0.20940549943920372,0.2094770224551475,0.2095915888422254
4.594855772407407,13.419938157314709,12.285622369057718,10.71402130959644,8.851963005617488,6.167486200997251,1.136586246728094,2.0060440645438695,0.20928829065892265,0.20934354284468668,0.20940072930425657,0.20946922160249337,0.20958234204359963
4.6029980158101855,13.412025318159502,12.314361764819765,10.830002164572777,9.058595715068444,6.430186783784248,1.116070920332962,1.9987869347289327,0.20928852776519466,0.2093425228728827,0.20939670566461052,0.20946204567967164,0.2095732459645499
4.611451031307871,13.40740294256148,12.33531425671258,10.92774491483074,9.248698779231056,6.689686091958305,1.096582712873611,1.9904892835347217,0.2092886588962839,0.20934179108153017,0.20939332845749734,0.2094554746380966,0.20956432142570308
4.620246210810185,13.403871170182382,12.350715493638173,11.008975330140892,9.420739763473476,6.942280570943456,1.0784741351246363,1.9809135876410626,0.20928876428908663,0.2093412701395916,0.20939053764688276,0.2094495579242906,0.209555698980046
4.627315986539352,13.39863532517758,12.359300030941837,11.061419148015283,9.540609777618418,7.1302209315610225,1.0657743756142646,1.972508756214512,0.20928892485639827,0.2093409892697123,0.20938874317749492,0.20944544933105566,0.20954932364295692
4.634323900451389,13.369666270458806,12.359203055838545,11.09944245513889,9.63911009650699,7.293681153737651,1.0574155789059372,1.9640945802004985,0.20928992810087477,0.20934098278415836,0.2093874365072392,0.20944207076387752,0.2095438051715389
4.641641429745371,13.310640210941822,12.344774434805935,11.124932131615813,9.721775391529762,7.438920809899304,1.0533715843573759,1.9554272253321223,0.2092920153433344,0.20934145161940168,0.2093865648231817,0.20943924738125738,0.20953889018494662
4.649119339236111,13.224258154638507,12.312227449226809,11.136501233367028,9.787552149368794,7.562903741217585,1.053331705608932,1.946740636480365,0.2092950471417061,0.20934252671106868,0.20938617153739342,0.2094370115287644,0.20953466985575178
4.656957143171296,13.109829655204061,12.257790520447148,11.132655609464143,9.838016478090811,7.668794104425788,1.0568798699952593,1.9378824772382948,0.20929902554952637,0.20934433780655048,0.20938630335284245,0.20943530393129128,0.20953103860626474
4.663948497905093,12.990314973391165,12.191951760389722,11.115171285522008,9.868076240903669,7.744270573654557,1.0625401098190148,1.9302469683061332,0.20930315215847667,0.20934653940000153,0.20938689762631268,0.20943429097934135,0.20952842448107867
4.67127209375,12.84762521692312,12.106347707842628,11.082639788382776,9.885216423772704,7.805807566302387,1.0704570332793102,1.9225579937810686,0.20930804624892438,0.20934941425206088,0.20938800261619375,0.2094337169232436,0.20952626207994585
4.67872607150463,12.67790281661922,12.001448435564594,11.034771351625116,9.888353326337349,7.851816403577748,1.0800446937264163,1.9150654312055588,0.20931386775359995,0.20935294922519032,0.20938962818123036,0.20943361605139627,0.20952460578540588
4.68682401511574,12.469603822397199,11.866458240998833,10.965558126525634,9.875725640611531,7.883999142426489,1.0918730422342857,1.9073502591761111,0.20932103547349956,0.20935751890799403,0.2093919791782196,0.20943404601545973,0.20952338894646202
4.6940803548726855,12.26555706023413,11.727376280626228,10.888088034780205,9.850384425677223,7.8978975201475095,1.1035274139657079,1.9008477598193816,0.2093280838667102,0.2093622507414456,0.20939461396835188,0.2094349030443716,0.20952278513792635
4.701525689444445,12.04203398853923,11.568010668706968,10.793452123731447,9.810715239116778,7.898112750734118,1.1163962278550663,1.8946075153536674,0.20933583675251413,0.2093676999041864,0.20939783914646526,0.20943624299683505,0.20952262133894548
4.7085040444907404,11.82153206889213,11.404587908970754,10.691093121452942,9.761079724154305,7.885851170891637,1.129224973360711,1.8891747114145185,0.20934351827501746,0.20937331591698036,0.20940133663929547,0.20943792028352395,0.20952287195796004
4.715489052372686,11.615541224151047,11.232193302846122,10.579919207092278,9.705123312200694,7.8740400845503435,1.1379589059007242,1.8831072994632565,0.209350848625398,0.20937929922171333,0.20940517035537265,0.2094398442469149,0.20952313280364476
4.7227519169444445,11.438974817910422,11.051908816160251,10.456455674331046,9.64198019723561,7.870800310069216,1.1388857048169172,1.8750786164254327,0.2093572181767587,0.20938560493017708,0.20940943624507974,0.20944200729900475,0.20952317847782215
4.730002483356482,11.297269603818485,10.878523249572986,10.324857825998645,9.5701488979829,7.871599516150742,1.13304992817065,1.865244805522176,0.2093624147053641,0.20939171093568704,0.2094139954927853,0.20944445604298093,0.2095231923830285
4.737350080891204,11.183249682368736,10.715872678810978,10.185901142592886,9.487020684186563,7.871615233001607,1.1219546332198982,1.8533582767818708,0.20936667201509745,0.20939748294296037,0.2094188333722796,0.20944728805391688,0.20952329455656912
4.744702604467593,11.09289582215031,10.570238675708364,10.045479160315871,9.393752579950306,7.866756242402877,1.1072757980623325,1.8394772542413245,0.20937011616588033,0.2094026964920578,0.2094237544867766,0.20945047469560546,0.2095235853958559
4.75178168974537,11.023145793766794,10.447605760766292,9.912930552035942,9.295648925554337,7.853886254078693,1.0914669651953712,1.8243031606561548,0.2093728326549467,0.20940712635708564,0.20942842953530752,0.20945383757013766,0.20952413279437263
4.7589428586689815,10.969252864847165,10.336466511712556,9.779643407513479,9.184073096947529,7.814806688956583,1.0825764741454744,1.8091971225582295,0.2093749600999186,0.20941115083722542,0.20943313638091807,0.20945765755135792,0.20952553392225898
4.766666525462963,10.923484153062684,10.231031688913689,9.640835183239158,9.054717948095286,7.742236627855263,1.08309846417537,1.7942029205485255,0.20937675508841622,0.20941499837441077,0.209438073733286,0.20946212320946542,0.2095279364406458
4.774654787962963,10.88220564555955,10.136055018147657,9.506499905132188,8.917923946585761,7.6424336924384075,1.092447218957952,1.7802524212895732,0.2093783354344206,0.20941848634561305,0.20944288927181812,0.20946688962876786,0.2095311309612876
4.782264582141203,10.844704573780852,10.05609709095408,9.388215884158862,8.788647610389567,7.530612651629256,1.1078048661209223,1.768570912738107,0.20937972837993293,0.20942143294176002,0.20944715598812377,0.2094714296665687,0.20953468087621543
4.7895466301157406,10.808670978688228,9.98680775578539,9.28362788952221,8.668021387307133,7.412994317864245,1.127019982218745,1.7589716349758127,0.20938103225292903,0.20942398828291078,0.20945094574088974,0.20947569233305768,0.20953841932511585
4.796602727905093,10.773894701023934,9.9261136821545,9.190998731487227,8.556353659620905,7.294833575502853,1.1476340049506337,1.7509029858295149,0.20938228177078166,0.20942623875708163,0.2094543252572449,0.20947966871655285,0.2095421876749561
4.804221746597222,10.739238810322636,9.869956646894636,9.103255034261943,8.445301034438751,7.172673568535985,1.1673872427924201,1.742559537949602,0.20938354603308315,0.2094283356718632,0.2094575486075296,0.20948365175242945,0.20954611183705116
4.811816730034722,10.70799622075531,9.821690610099973,9.026434955634246,8.34357384338847,7.057555719883436,1.1841232208495955,1.7346140875958587,0.20938471147855056,0.20943014292230158,0.209460378256289,0.20948731315970742,0.2095498919031949
4.819086086886574,10.681148767610308,9.781585712662004,8.961669870883213,8.25430113251631,6.953901637266975,1.1974572125256304,1.7273946001486273,0.2093857368660034,0.2094316515281373,0.2094627694368991,0.2094905348633037,0.2095533601407464
4.827207131458334,10.654556017276878,9.742825594296116,8.898390199170006,8.163785988928662,6.845951975264578,1.2094571615899903,1.719799235854438,0.2093867772474126,0.2094331202549064,0.20946511298986883,0.20949381067080827,0.20955702753906197
4.834222001423611,10.634405757798747,9.71377495084337,8.850605624657177,8.093196224951953,6.759495465639993,1.2176099302255594,1.7136472316383995,0.20938758473876634,0.20943423084162985,0.20946688883459552,0.2094963724922433,0.20955999976891124
4.8415312715509256,10.616561649648451,9.685102012583773,8.804376068955252,8.024562127540571,6.672120054216916,1.226222781660224,1.7081186795526817,0.2093883083938028,0.20943532044579508,0.20946859883687968,0.20949885781056585,0.20956303114095395
4.849395183530093,10.600632846934387,9.65555971525755,8.757340556063834,7.955146458743987,6.579067404406382,1.2370046546383997,1.7034766319578873,0.20938895225280407,0.20943644774552825,0.20947034255729993,0.20950137660435267,0.20956624756677547
4.857360471423611,10.587071356810423,9.62752651850773,8.712703071941876,7.889583245320293,6.486592827388241,1.249317607496958,1.700106156460301,0.20938949294017561,0.20943752178732025,0.2094720037289403,0.20950376426941836,0.20956941996277506
4.865475182013889,10.575389639687009,9.600978933483256,8.67010597068218,7.827261860385331,6.394694493535279,1.2630651726793196,1.6979987994495247,0.20938994998385335,0.20943854059738587,0.20947359380274616,0.20950604181350294,0.20957255875085506
4.874406434224537,10.564621726312575,9.574026736747918,8.626258320922405,7.763259301381932,6.296465071568841,1.2793398024643812,1.6971685891316224,0.20939036148872983,0.2094395743963514,0.20947523373777102,0.20950838800162452,0.20957590695718822
4.881717813483796,10.556650444249536,9.553836067105074,8.592776776955025,7.714262165319816,6.218760435315704,1.2931775511696377,1.6975652896537006,0.2093906562072002,0.20944034899980626,0.20947648894415613,0.20951019019493322,0.2095785537341616
4.889754739641203,10.547871699662286,9.533439773712496,8.558544237250633,7.6638412728700835,6.136712787227112,1.308461738747481,1.6990059150276566,0.20939097450596864,0.20944112866486758,0.2094777730166702,0.20951204899235254,0.20958135198496658
4.897374786793981,10.539780867325574,9.515379590721016,8.528189362324515,7.618922791169084,6.061911181518693,1.3229896202198688,1.7013134554003528,0.20939126304221348,0.20944181432023573,0.20947891036514063,0.2095137069500579,0.20958390988215841
4.904912621273148,10.53216236646143,9.49848022742175,8.49988278119853,7.576931240967507,5.990506951360229,1.3373933601982573,1.7044715161705821,0.20939153017103848,0.2094424507697502,0.20947996868691302,0.2095152571826336,0.20958635648335522
4.9122733493402775,10.525178707517242,9.482751911712594,8.473660411334793,7.538009698190081,5.923015081261749,1.3515064735260358,1.7083728602021138,0.20939177015363572,0.20944303795171765,0.20948094618541047,0.20951669374859466,0.2095886721258277
4.919354454201389,10.51839110965202,9.468100191355107,8.449437810247048,7.502164262240851,5.85972763200842,1.3652596186935078,1.7128892865297676,0.20939199272598744,0.20944357827982296,0.2094818441399215,0.2095180141275633,0.20959084446128082
4.926426875451389,10.506559779914825,9.452233454522236,8.42481736083565,7.466562733343532,5.795750800770057,1.3802528684104298,1.7183392142520437,0.20939237527520785,0.209444150686555,0.20948274775720768,0.20951931895215486,0.20959304152958197
4.934221231840278,10.487205332904677,9.432286981673942,8.39691415123023,7.427386146662368,5.723732933185926,1.3984888574078933,1.725480106779472,0.20939301014281284,0.20944486133861104,0.2094837669071324,0.20952075237808246,0.20959549730308172
4.941673631076389,10.463647777525109,9.410339570574028,8.369268538634948,7.389938206617432,5.653437436188417,1.4175182539875353,1.7334074837957827,0.20939378634271683,0.20944563564558724,0.20948477167000065,0.2095221204663382,0.20959787777702274
4.9491037604166666,10.436201047768417,9.385493187877442,8.340453755690953,7.352394841515286,5.581920876744761,1.4379663126124875,1.742370777284946,0.20939469253090207,0.20944650559233693,0.2094858133277728,0.20952348955302996,0.2096002887238257
4.957307128599537,10.402174868091118,9.354674611734584,8.306878649390237,7.31040623095199,5.501185302803,1.4621870041589635,1.7534852219308064,0.20939581722184003,0.20944757773478642,0.20948702014583487,0.20952501685929964,0.20960300270819826
4.96464822662037,10.39270381989605,9.328164409318038,8.278070857957925,7.274961466852017,5.432530489306634,1.4826865023581361,1.7640447536220603,0.20939619489920994,0.2094485164469735,0.20948806772747824,0.20952632090603018,0.20960529959739704
4.971755627731482,10.438596650484124,9.313913352250427,8.25536422535472,7.245902635389391,5.377286298903803,1.4973565313658592,1.7740331206994018,0.20939462496540187,0.20944903175379936,0.20948889380847466,0.20952739276012303,0.20960716468501314
4.979983239340278,10.551728911008977,9.319760434284602,8.236143821229891,7.217181448643386,5.325564197969716,1.5084740680298951,1.7852502638005183,0.20939067099902642,0.209448837940509,0.20948958819801988,0.20952844356921682,0.2096089891850388
4.988289239548611,10.721263177317118,9.356816309074299,8.227744012312682,7.193730674035473,5.28499090835841,1.5141158452057193,1.7961442524138764,0.20938471170865408,0.2094475400145963,0.20948989208759072,0.20952929477743465,0.20961049746347338
4.996248021192129,10.927305340733529,9.425690581218953,8.234078130472811,7.177728079866134,5.255939126774605,1.515082594793431,1.8061160083439136,0.20937746219060768,0.20944511759737547,0.20948967118530773,0.20952987394139927,0.20961164114783112
5.003520447951389,11.137656582470376,9.51732030514291,8.254506129090055,7.169383062254121,5.235831161385076,1.51352610015562,1.814889826554198,0.20936998935519663,0.20944187945009354,0.20948894208740243,0.2095301704307535,0.20961248047384062
5.010723994050926,11.307302207673706,9.622226344553694,8.284973589383831,7.163943565512607,5.213099551278118,1.5145065679951826,1.8239853013836442,0.20936388546477855,0.20943814281343293,0.20948784599599887,0.20953035428444158,0.20961341493252206
5.018431662280093,11.442755501771149,9.73744422528083,8.328101580231802,7.162839799039098,5.185342714734196,1.5190171993710344,1.8342692260763347,0.20935899075980013,0.20943403362570723,0.20948630250226644,0.2095303907819797,0.20961447217773846
5.026025333530092,11.538477049975576,9.845743686392268,8.378976334596375,7.167559825695001,5.155967809905252,1.5266043669385176,1.8449164475060917,0.20935549315283017,0.20943016845944915,0.2094844852273168,0.2095302274659994,0.20961552669733136
5.034129260034722,11.60793701620042,9.950217113242248,8.438912770324382,7.178844395634167,5.123635279751358,1.5376956926768084,1.8568036824705931,0.20935290305528664,0.20942643547783507,0.20948234448578745,0.20952983564646346,0.20961664335951474
5.041666698842593,11.648619349480548,10.034642206213888,8.496728454819962,7.194386725538686,5.093392940780083,1.5503896251941058,1.8683207176326668,0.20935132883774565,0.20942341290829597,0.2094802782850462,0.2095292934492177,0.209617660630516
5.049496165532408,11.663429028179396,10.109124003729216,8.55734728094984,7.2156561734070115,5.063998714450256,1.5648011565802897,1.8805908706340977,0.20935063347792296,0.20942074080061204,0.20947811583556822,0.20952855303632487,0.20961862587945335
5.0573241490625,11.648055464189067,10.168556079032705,8.616878154363803,7.24164790916098,5.038382915565655,1.5794080895602582,1.8930138348447452,0.20935101901765074,0.20941858981236444,0.20947598784497348,0.20952764244998717,0.20961945471099253
5.065679459432871,11.605087368918399,10.213464233276396,8.676255297405408,7.272770480149327,5.014793905443925,1.595088152621977,1.9064413396438902,0.2093523833432942,0.20941693754577445,0.20947385811579822,0.2095265457239983,0.20962021302494196
5.073648978287037,11.543829365597505,10.238136354033308,8.726613876336447,7.3040797116165255,4.995337931577381,1.6100790413431882,1.9194173150020424,0.2093544134719519,0.20941599429942462,0.20947204363619684,0.20952543738978843,0.20962083035998466
5.082024753020833,11.462585178846604,10.245554205476806,8.771075552548968,7.337011825774269,4.977347525874919,1.625880762840173,1.9332490308400385,0.2093571549959372,0.20941564790522815,0.20947043093621423,0.20952426700717006,0.20962138977268763
5.089408948611111,11.378844612977675,10.238587079117451,8.803765214806276,7.36657253865336,4.965894902600708,1.6385348505181418,1.9453868974933894,0.20936001592522138,0.20941582033794803,0.209469244942051,0.20952322287139105,0.2096217234220995
5.096826270856481,11.284249863707586,10.221076624368688,8.832263338257713,7.398538891352929,4.9635232874369715,1.6475372911575772,1.9570510616782013,0.2093632914839668,0.2094163565553434,0.2094682009566299,0.2095220895916097,0.20962175254639387
5.104562553935185,11.17659299816303,10.190978150829565,8.855488708785922,7.432370854689151,4.969522869727537,1.653323673448864,1.9686338351535388,0.20936705414356335,0.2094173225694308,0.2094673297430291,0.20952087971723915,0.20962152953146385
5.112395660474537,11.060016503081723,10.148330410902844,8.870980807171966,7.465624027769843,4.982900699217349,1.6559564919111016,1.9797501585363135,0.20937115580114427,0.20941872297574982,0.2094667203337079,0.20951968035700483,0.20962108115397632
5.119592443263889,10.947446953389989,10.098777403343693,8.877317968886311,7.494150690938004,5.000385868765418,1.6559947807342386,1.9894185066728105,0.20937513571409083,0.2094203726718581,0.20946643167242504,0.2095186427318994,0.20962050522097112
5.126582845752314,10.833944920806898,10.04154839737089,8.875578097417415,7.518883551969422,5.02068763239557,1.6544253431409148,1.9983359646363592,0.2093791614973848,0.20942229422980704,0.20946642186946657,0.2095177310931538,0.20961983599126824
5.133984589155093,10.708831900390445,9.969443339108034,8.860979465909834,7.536073127991002,5.0350425349350845,1.6558182213833097,2.008079100638801,0.20938358366783516,0.20942472834528564,0.20946684645103056,0.20951706435247894,0.20961938476574649
5.141644370381944,10.573770308553309,9.883951740527971,8.832444767895188,7.542997710915481,5.037904001766719,1.6624561042595833,2.0188957643532026,0.20938834353538105,0.20942764129832336,0.2094677675936541,0.20951676341492015,0.2096192787777085
5.149633391724537,10.427313105213527,9.785162290742928,8.790147525745999,7.5394436543162895,5.028484570284179,1.6746392049326762,2.0310211148145547,0.20939349924939432,0.20943102993218204,0.20946918049604263,0.20951683786676456,0.20961952694639044
5.157199507719907,10.283929580280612,9.683943210427085,8.739592541279626,7.526390169787569,5.008354873941015,1.6907651327059818,2.043345232327705,0.20939854610420816,0.20943451725012163,0.20947089651267514,0.20951725599317353,0.20962010337804612
5.1652131931018515,10.12763560185153,9.569830188845948,8.676131666470562,7.5027564486343925,4.975568087478717,1.7123534598932093,2.0573395250437887,0.20940404905556181,0.20943846072864541,0.2094730702910261,0.20951804925867773,0.209621078521515
5.172517009583333,9.981103557831172,9.461668461708337,8.612443093983662,7.475711552556073,4.942056167533178,1.73283285526897,2.070432070095475,0.2094092246949709,0.20944221394903764,0.20947527458535686,0.2095189852791061,0.2096220687596088
5.17957173912037,9.835106557797538,9.35439601624574,8.548582174708837,7.448924864102688,4.918286700774226,1.747481810577616,2.082298047009632,0.20941441739287414,0.20944593785269358,0.2094774845632217,0.20951991051665617,0.209622741169957
5.186542122256944,9.68716905348897,9.24403738526329,8.481485999690767,7.4199794342869625,4.901851547107496,1.7572479586426237,2.0932244486415494,0.20941970433973667,0.20944976555334893,0.20947979845680081,0.20952089831131393,0.20962324388558712
5.194588767060186,9.512358270653825,9.110526875462238,8.398125891213377,7.382360656946045,4.889579435738653,1.76337782378098,2.104835472016278,0.20942597808557117,0.20945439823830378,0.2094826679653892,0.20952217206895984,0.20962367667346368
5.202415106655093,9.338767394366496,8.974217692982277,8.310435359964318,7.340737146182163,4.882564858868721,1.7648418252733633,2.115080198981518,0.20943223313408676,0.20945913698184113,0.2094856867934108,0.20952357720529374,0.20962398514179853
5.2094460253125,9.180348761912947,8.846396867599081,8.225775135880488,7.298604986851718,4.878888862534691,1.763051287631156,2.123384783233821,0.20943796248500274,0.20946359270097148,0.20948860548749465,0.20952500001968113,0.20962420329513717
5.216451156458334,9.024022350908856,8.714416841914296,8.135841484162151,7.252001503242865,4.877194350707933,1.7585562430711168,2.130720712806192,0.20944364483265826,0.20946820878533132,0.20949171297564106,0.20952657711684666,0.20962437168846942
5.223473748414352,8.870856681848187,8.578278536374139,8.039940863649171,7.20023319060876,4.876593830097473,1.7517214561948589,2.137074103591188,0.20944922764245338,0.2094729866008909,0.20949503445146575,0.2095283321744343,0.20962452076417173
5.231693472141203,8.695683307813985,8.415175840693824,7.920348974723402,7.132558250842046,4.87556643520592,1.7415514641321383,2.143212494375261,0.20945562895638847,0.20947873197272934,0.2094991887003132,0.20953063253904286,0.20962472581617922
5.240581867337963,8.510461452236925,8.235562168449182,7.782449168092604,7.05017759571981,4.871979828883522,1.7288675794206498,2.1482414164347894,0.20946241320653122,0.20948508481901013,0.20950399620389204,0.20953344254989328,0.20962504770021714
5.248984212627315,8.338536242809983,8.063779612430682,7.644484864056391,6.963129409084822,4.8643404905472885,1.7161028259486573,2.151425908328034,0.20946872153151233,0.2094911846398004,0.20950882392429762,0.2095364229026061,0.20962550612114636
5.256242492719908,8.19101626569497,7.913581799378376,7.51836965677717,6.877909841107069,4.844121910008609,1.7098596852075785,2.154011846272691,0.20947411319077439,0.2094965270640969,0.20951324258342877,0.20953933828228813,0.20962639909060662
5.263901631736111,8.034949359569113,7.754391924472328,7.379005926210186,6.776084126680081,4.794195114724333,1.7165550957072953,2.158659260767321,0.20947978306919476,0.2095022065146316,0.20951814933018273,0.20954284859972785,0.20962829485913873
5.271359111435185,7.881551301052443,7.60081332529004,7.240884943536819,6.669439394339188,4.721550759019598,1.7347593919070885,2.16515425401816,0.20948533372451209,0.20950770519041118,0.20952304190157878,0.20954655915135006,0.20963084524279296
5.2787059667129625,7.728564228750753,7.451252064226583,7.104067931883786,6.559325001185741,4.6303554494270065,1.762660931238976,2.173502519607321,0.20949085013599725,0.20951307122097423,0.20952791055228567,0.20955041733000754,0.20963395444320743
5.286986730266204,7.553725202404252,7.2846853568642596,6.949981616722722,6.430854061630282,4.5076351720439565,1.8046845920266736,2.185294083670534,0.209497131512437,0.20951905202808407,0.20953341213760834,0.2095549426871327,0.20963810213395517
5.2940911715625,7.40339133380994,7.143695608073593,6.818818069701306,6.318576479095214,4.389918762232683,1.8476262655307494,2.1971948622724025,0.20950253650610398,0.20952411714186966,0.20953810995990232,0.20955891918703273,0.2096420728001483
5.301614158773148,7.263991908028483,6.9991943592316,6.684366382482766,6.2042164498776575,4.283044896750765,1.8827112715856598,2.2077421931273333,0.20950761056300302,0.20952931781127263,0.20954293900886906,0.20956299117565894,0.2096455373986197
5.309375135439815,7.147446587470478,6.853614327811046,6.5456741680776345,6.086774007497443,4.197175336547028,1.903141482113188,2.215168155138236,0.20951186563587837,0.20953453183892234,0.2095478907015066,0.20956714314837668,0.2096485083426926
5.316805423194444,7.06234541248665,6.719360132774608,6.411081015437781,5.971671354314619,4.133226803788265,1.9089605361993758,2.2189596779391563,0.20951499678363505,0.20953931803669665,0.2095526668600884,0.20957117866595565,0.20965097941416563
5.32513356755787,6.997849520746263,6.579639258791762,6.259419187346706,5.838853357986659,4.07691526863052,1.901496330586748,2.2193265256399166,0.2095174195920747,0.20954428647504655,0.2095580258398821,0.2095758058594389,0.2096534094054416
5.332948669537037,6.966241919114125,6.463777570876141,6.118965987054464,5.710902317482868,4.033633263717302,1.8832639276700383,2.2159212404066784,0.2095186829517577,0.2095484051483231,0.20956297504167246,0.20958024334051042,0.2096554602282419
5.339990648148148,6.977847673027931,6.375388438773478,5.99597430833334,5.592737939639369,3.9946403261737626,1.8621909499331226,2.2104257252181316,0.20951846248850262,0.20955155145230725,0.20956729695871007,0.20958432352166184,0.2096573790506939
5.347248136180555,7.050347407208823,6.307940012079568,5.876144217548961,5.469323014208223,3.947742833877326,1.8406844854626856,2.2032857921273044,0.20951606279256252,0.20955397611660134,0.2095715070390514,0.2095885771290165,0.20965958935330042
5.354255932233796,7.17196773016749,6.273435609760673,5.772173799236779,5.351557030995001,3.8966480247799558,1.8205834866823265,2.194970789330168,0.20951189277942794,0.2095552520330175,0.2095751659393177,0.2095926331133834,0.20966186480792048
5.3617531573958335,7.349141604559675,6.274909713169782,5.679028206874728,5.230178294745044,3.836856906542818,1.8000736798843369,2.184532785702453,0.20950573013018778,0.2095552722851275,0.2095784530238992,0.2095968099946382,0.20966442473521907
5.369764899039352,7.5823552296117604,6.323121708418779,5.606092804059821,5.109769877049497,3.7690490480192684,1.77934438088553,2.17163004437468,0.20949754331671883,0.2095536496763384,0.20958104146827441,0.20960094876519056,0.209667255547689
5.376719272627315,7.8152231136586074,6.4043225417599565,5.569425547559737,5.0167721313228455,3.708910694040707,1.7622492153929288,2.159009882393323,0.2094893291229338,0.2095508440410028,0.20958236116171927,0.20960414140789166,0.20966973250960738
5.3840734853125,8.102608062929354,6.527933675896641,5.559499761335264,4.9329520410644,3.6440651758616296,1.7464739183270617,2.144803147109454,0.2094791674524887,0.20954653161491607,0.20958274858709658,0.20960701357258857,0.20967239913762817
5.391024958136574,8.412297301518343,6.68194331939519,5.579661720854035,4.870748062912721,3.5838377917483872,1.7336459136222715,2.130800798778673,0.20946816127277967,0.2095411374024417,0.20958208833429962,0.20960914622821483,0.20967484332324676
5.398873897199074,8.798023286468949,6.900254920715359,5.639787113944026,4.824428348223907,3.521223154807529,1.7205134820857324,2.1143768261038467,0.2094544118011381,0.2095334649173587,0.20958004155045984,0.2096107416869813,0.20967735963948333
5.406099589641204,9.180762640498504,7.142380609875338,5.732015797969712,4.807409484449123,3.4723976343566965,1.7086826376621538,2.098746283755618,0.2094407481033952,0.20952493484290907,0.20957686498595818,0.20961134116697475,0.2096793236119836
5.413549504166666,9.598394874629241,7.431845800557865,5.865297686496761,4.818428393196949,3.4345954038991744,1.6957791341692199,2.082197481511101,0.20942582663472162,0.2095147219454137,0.20957224140737987,0.2096109891551473,0.20968086847154935
5.420586586111111,10.025054072712116,7.742228827482509,6.028722143477648,4.858703594635266,3.4150128260383337,1.681428719545296,2.0660153853866245,0.2094106789532214,0.20950377950639942,0.2095665525903498,0.2096096466414097,0.20968170514207998
5.4276435702199075,10.545125235818542,8.104558591913698,6.237455729144105,4.935483755870097,3.420392250983093,1.6608215503724877,2.0482477727234123,0.20939222749721617,0.20949103482592693,0.20955925933346617,0.20960706379076927,0.20968157956523348
5.435195776064814,11.199976825119425,8.56279750145136,6.515441237608932,5.061695588334333,3.457990458271863,1.631352918727985,2.027549257052009,0.2093688737368729,0.20947493742697573,0.20954949850141805,0.20960277743554334,0.2096803188051359
5.442583936979167,11.924900172162626,9.089774806926409,6.848510665791268,5.233738530078494,3.5301993633497575,1.5953652594890588,2.005841860792075,0.20934289694727995,0.2094564812771953,0.20953776601038185,0.20959688878254898,0.20967780929352092
5.449556703217593,12.674271824864318,9.66090707113935,7.224365245343762,5.445273567352882,3.634290133846992,1.5552881602057829,1.9842707996685949,0.2093159675784698,0.2094365824927979,0.20952451035363065,0.2095896006015862,0.20967411699337274
5.456972634803241,13.530723123945688,10.345424068643432,7.69481889519928,5.728476187038422,3.7879973669395155,1.5066503195588792,1.960464923235825,0.20928519212305238,0.2094129303105008,0.20950792950961006,0.20957978199003685,0.20966859391029885
5.464043912326389,14.299765937714206,11.053233262154995,8.206851148224409,6.054254507420059,3.9755226510252073,1.4570430033712984,1.937792383402094,0.20925726823785842,0.20938865276410545,0.20948988604537316,0.20956840002501864,0.20966183851051526
5.471020895057871,14.845504433374957,11.736965582960988,8.75225853747675,6.420641191591447,4.1931513959166535,1.4091293665690945,1.9167493650797016,0.20923776164970412,0.20936537119084894,0.20947072377552084,0.20955555183216634,0.20965398630711332
5.477980173159723,15.222294067521908,12.358762479709116,9.317134722731199,6.827753219684229,4.44458990670909,1.362078955568177,1.8971977994151181,0.2092245547938786,0.209344415000955,0.20945098593622047,0.2095412657089839,0.20964487647488136
5.485037778680556,15.475445917203178,12.905398657392363,9.888561863357632,7.27521975126994,4.73521466174487,1.3147928998847238,1.8788818363996735,0.20921584891125375,0.20932618681434093,0.20943117018921134,0.20952557799296384,0.2096343997403229
5.49255667806713,15.640079653436622,13.387032033172803,10.472701172862841,7.777255651471498,5.082194429282097,1.2648827146045385,1.8610175137913638,0.20921032147439314,0.2093102821198697,0.20941111153999836,0.2095080309480436,0.2096220602428171
5.499833292372685,15.725069881580167,13.75718812629209,10.996022391323779,8.273260230835552,5.449839936383274,1.21749023134383,1.8452417824313532,0.209207588097355,0.20929814722401135,0.2093933424289153,0.20949078983246325,0.2096092011231174
5.506891990879629,15.75614191353501,14.029890050162624,11.445989209980565,8.743093216278611,5.822086578626854,1.1751026894135925,1.8316038267862151,0.20920676483993092,0.20928919829349726,0.2093781974310999,0.20947454677012156,0.20959633782820497
5.514474544791667,15.74667369758875,14.237278764484747,11.854223217391754,9.214842492105848,6.220810700975058,1.1363484512383748,1.8189709974813717,0.20920744716906498,0.20928234002002868,0.2093645973567294,0.20945838860791097,0.20958265682212077
5.522344709918982,15.701533551700603,14.375522017636913,12.198084668670269,9.65931962337894,6.623789909246695,1.1034364930100384,1.8076720589806377,0.2092093970648614,0.20927766821219182,0.20935324731459087,0.2094433343937462,0.20956889702163242
5.530171049108796,15.629010797799035,14.450070913312736,12.465242997056448,10.049790649131191,7.004688552741485,1.0777876337659373,1.7979032895906581,0.20921226876815352,0.20927500363742704,0.2093444861099326,0.20943026337044662,0.20955598719504384
5.537505673425926,15.540630907131945,14.473940724771884,12.654862630559162,10.366880398357342,7.337267018304808,1.0597890622325605,1.789807845519893,0.2092156211138698,0.20927395218406536,0.20933828324912152,0.20941976404311297,0.20954482016178477
5.544452895127315,15.443248802971109,14.462946528739723,12.786377945884867,10.623470748070002,7.625973903669453,1.0478820460202176,1.7829279889643868,0.2092192352350568,0.2092740162620489,0.2093339674123911,0.20941134276824577,0.20953521835892727
5.551901304050926,15.344851541515522,14.422677259885253,12.880136569207577,10.850060000684561,7.899744113866263,1.0413651514189626,1.7764744517946516,0.20922285220063744,0.2092749982628261,0.20933085123419942,0.20940395528873104,0.20952619418383497
5.559621201168982,15.248916594642933,14.36028595074553,12.934233728530494,11.035577911744348,8.14241973093368,1.0410355501203354,1.770759787909636,0.2092262809491014,0.20927669686754902,0.20932899815849293,0.20939794228162165,0.20951824431700852
5.567216177013889,15.155303661132205,14.285164445742291,12.9531255881786,11.1742440318765,8.340891581182792,1.0463941309255806,1.7660808371791532,0.2092295071001967,0.209278832670262,0.2093282695810998,0.20939346147481894,0.2095117576789086
5.574307574502315,15.06528430730331,14.206084605957722,12.946246610353427,11.269114098488727,8.491451912188628,1.0559246087438874,1.7625794223848341,0.20923248998737304,0.20928113730817074,0.2093283716444425,0.20939039341291543,0.20950682183035144
5.581723966504629,14.966170946333069,14.116014828102028,12.918783574631556,11.337194107835318,8.614943256691605,1.0700681215003285,1.7598695475098485,0.20923565548455905,0.20928380951305545,0.20932912766743564,0.20938817765383277,0.20950272741376982
5.589129177835648,14.87525785925381,14.02227670237183,12.877519749845035,11.381513951766516,8.712718636777838,1.0860185819820665,1.7578654753532783,0.20923851105135408,0.20928665056698156,0.20933035020620921,0.20938674002187388,0.20949945523876448
5.596584129224537,14.820478319466668,13.933834279757392,12.829926536782187,11.412238081304277,8.801112793460119,1.0994760357309155,1.755840808499366,0.20924011412007856,0.2092893787753333,0.20933179010685848,0.2093857361624952,0.2094965109570178
5.6036042270023145,14.798351337606142,13.861308976157673,12.781271489009798,11.428988111236174,8.87485174605954,1.1100051981299937,1.7539235131299937,0.20924065923736526,0.20929163936734108,0.20933327722390724,0.20938516745759916,0.20949408968294156
5.610717295115741,14.799757093863574,13.80169995114777,12.730873082572785,11.435343428560866,8.939764551871562,1.11898859099569,1.7519895972431077,0.2092404607144589,0.20929351428539583,0.20933483156737712,0.2093849215058638,0.2094919794397465
5.617978595034722,14.82082973530892,13.756781744195873,12.68117436540955,11.432802385150762,8.99588829221295,1.1268312515859735,1.750046173984168,0.209239648474789,0.20929494149664052,0.20933637788725123,0.20938495457951295,0.20949016285927974
5.6249999988425925,14.855817477242779,13.728872331654696,12.637252340235209,11.423778541282621,9.040824616161707,1.1334816297174284,1.7482181049197292,0.20923841205145358,0.20929584108449142,0.2093377564201366,0.20938519664508265,0.20948870701189115
5.632095430752315,14.85974775965161,13.715348864352148,12.601547472870852,11.41322380444099,9.08362759313718,1.1374220626605396,1.7460627506145925,0.20923810401064097,0.20929629020739426,0.20933890064211524,0.20938550947815832,0.20948735626289341
5.639543983530093,14.788999389844102,13.703064827753035,12.575053943182672,11.404610800011833,9.131682877562303,1.1369444611962702,1.7430589340364826,0.20924041991592826,0.20929667924316278,0.20933975478942882,0.20938576585668275,0.20948589792488115
5.647597255590278,14.638472959698587,13.673012511998339,12.553813506328936,11.398361788061745,9.186075041460336,1.1321688873507487,1.7389422392656146,0.20924552545548805,0.20929762878693053,0.20934043491556092,0.20938594863605,0.20948431876563525
5.655359586319444,14.43256194092201,13.614623675124502,12.533353706814673,11.394866926365525,9.240028146810927,1.1243930437261318,1.7340975458847985,0.20925258571536948,0.20929949853220728,0.20934108108067567,0.20938604558525248,0.20948280219211865
5.662508865208333,14.199279723102272,13.528482570921,12.507520141180617,11.392200014513952,9.29028647666755,1.1152501931785022,1.728843468988431,0.20926063273599513,0.20930228548861837,0.20934189378014748,0.2093861159292433,0.20948141852203322
5.669472044907407,13.943537294908403,13.411419918850509,12.469198175618635,11.386839359924139,9.33740650921545,1.1056380030383532,1.723058118739944,0.2092695413771283,0.2093061017536778,0.20934309737802664,0.20938625912487885,0.20948012775357777
5.67644515525463,13.704838946910803,13.264149372857661,12.408717281688487,11.36977082808387,9.369535397515508,1.1003180145117575,1.7175053647253642,0.2092779244130744,0.20931095102711378,0.20934500776001633,0.20938675099318257,0.20947924565089285
5.684062791388889,13.468755503891353,13.083089113445906,12.31805406959684,11.3356464065471,9.385466715615648,1.09993955967639,1.711943391143072,0.20928618474635763,0.20931697562981702,0.20934791697858784,0.20938778336286631,0.20947876917699312
5.6916048551388885,13.252916353691143,12.893312282273227,12.206710835063097,11.285609427665793,9.382933386775562,1.104183088134217,1.7069377088015587,0.20929371320640788,0.20932333951935295,0.20935153245300228,0.20938933072719193,0.20947876121924103
5.698801962928241,13.05823858519558,12.708115906846023,12.084186724476893,11.222849193684375,9.364445606713318,1.1117095451436823,1.7026258145556354,0.2093004901691088,0.20932958544188754,0.20935554689242278,0.20939129633544432,0.2094791756988666
5.705859578587963,12.874378795735142,12.525595913103395,11.951927744512561,11.147712058665228,9.331778847311403,1.1217672626657973,1.6988540550348772,0.20930688563392305,0.2093357683412123,0.2093599120651101,0.20939367108140386,0.20947997661955947
5.712936578460648,12.694349019930021,12.343411921607226,11.810475003946479,11.060435844515826,9.286513689672265,1.1335050780479143,1.6954432460335447,0.20931315391682126,0.2093419651479276,0.20936461377913318,0.20939645483850108,0.20948113377992364
5.720596079282408,12.502240895220497,12.148227873589404,11.650806967653097,10.9552923813124,9.22851116257429,1.1457508859125602,1.6917701422523619,0.20931987212181094,0.20934863045666544,0.20936995439194628,0.2093998334750329,0.20948265558841458
5.72792273375,12.320020963078854,11.963287667312944,11.492912309470736,10.844837134014284,9.164311424724728,1.1568865493818759,1.6882657356762742,0.2093262748183762,0.2093549663544992,0.20937526180449628,0.20940340283268252,0.20948439309836225
5.7350164077199075,12.144072124892254,11.785708995615327,11.336373774395266,10.729534737423451,9.093917715962645,1.167236000396117,1.6849060728452618,0.20933248241455207,0.20936106826598466,0.2093805448989214,0.20940714958565634,0.20948634359072094
5.742090147418981,11.968278550014896,11.60980068632152,11.177616883966065,10.607345648908689,9.015772226057418,1.1772620918242598,1.6816124514246626,0.20933870611518687,0.2093671302667382,0.2093859234492022,0.20941114263211397,0.20948854860709415
5.749507345983797,11.782897222721937,11.426210804000933,11.009060481965843,10.472542446663178,8.925625206716107,1.1875997149890516,1.6782437681049294,0.20934528971123365,0.20937347538932327,0.20939165631121268,0.20941557385167336,0.20949113258997334
5.7567256569791665,11.632921656805877,11.250739002613404,10.844501252851538,10.336963260381616,8.8340914558517,1.1956734131445632,1.6746370275736897,0.20935079663184694,0.20937957887399883,0.20939728191305515,0.20942006480152867,0.20949380075633603
5.763842439293981,11.550266980809914,11.091727535207138,10.683617083192624,10.200326159766332,8.7442942706158,1.199696805448706,1.6702078400583888,0.20935395202864915,0.209385159372282,0.20940280697178176,0.20942461516245692,0.2094964720095438
5.7709100930208335,11.522894985760647,10.95759996132358,10.528134536320128,10.061779079491654,8.654195570024644,1.2005329606252386,1.6649413709252,0.2093551598644467,0.20938991110565758,0.20940817306794648,0.20942924919479772,0.2094992198455329
5.778901410509259,11.54555403897063,10.842541146550378,10.363504607751459,9.903663666189756,8.550135656796874,1.1985438293090032,1.6579432441356108,0.20935464086028166,0.20939404434893358,0.209413891348904,0.20943456488498247,0.20950245962476874
5.787118160601852,11.615887680542265,10.769333250019265,10.214143298107162,9.743377031452136,8.440523239030357,1.1940955050025097,1.649607582210846,0.20935245760885673,0.20939675200782953,0.20941912299079593,0.20943998943277128,0.2095059306829086
5.7942955163541665,11.704824913843776,10.74287640652258,10.105423640456134,9.609071510565805,8.342407851678711,1.1893133694308162,1.6415439143817039,0.20934955200586355,0.20939782142488755,0.20942296383484482,0.20944456216728258,0.20950907284461967
5.801303968356481,11.781401536352476,10.739374915098367,10.017271731152348,9.483314915283767,8.23624260957614,1.1897590195606154,1.6344390706928937,0.20934699879183005,0.20939806419110926,0.2094260915530813,0.20944885835667662,0.20951249514712855
5.808478008530092,11.842538595133298,10.748589736218882,9.94513080039858,9.363585591792104,8.118735503159474,1.1960790800009828,1.6284019307765079,0.20934496802846433,0.20939786364528332,0.20942868059469744,0.2094529788059727,0.20951624375315386
5.816304029895833,11.893068370652802,10.765553178449244,9.884949491141661,9.24605140820759,7.985507033334768,1.208370043667292,1.6232830493239288,0.20934328317097825,0.2093973991527734,0.20943087478932593,0.20945705798074785,0.2095204616077658
5.823643562488426,11.92863503540473,10.783266724952167,9.842557467605276,9.148712904408903,7.859529131302923,1.223850949070047,1.619900848677817,0.20934208376483474,0.2093968934731078,0.2094324497679612,0.2094604642139437,0.2095244449488898
5.831262046099537,11.956534867521356,10.800726640880603,9.809335755758077,9.060210993136076,7.7304198466776075,1.242963274380782,1.6178576189280385,0.20934112261097118,0.2093963918543215,0.20943371034908942,0.2094635848059705,0.209528536571189
5.83821472462963,11.974721587214216,10.816791164646649,9.788084303300835,8.991169741680732,7.618434279567872,1.2608945147974704,1.6169423408648833,0.20934048062636348,0.2093959379098365,0.20943455947241932,0.2094660511735463,0.2095320997989144
5.845607777291667,11.984251047551563,10.837785476616073,9.77841740052117,8.933381008824616,7.515281327479485,1.2752177207841513,1.6158078863574157,0.20934017018098594,0.20939531620794138,0.2094350166407664,0.20946814952941858,0.20953541395483083
5.852783485497685,11.986779157026598,10.858849858799836,9.77857273461351,8.890686376219286,7.43093687481281,1.2843042566194691,1.6144797369374984,0.20934014043030014,0.20939467630637765,0.20943511624023983,0.20946972053973403,0.20953820606589188
5.860523934594908,11.985026353187619,10.880411386765951,9.786458687039302,8.857754597891944,7.356581865339115,1.289177425975512,1.6127888964473749,0.20934029807909055,0.2093940198332842,0.20943494304621577,0.20947095595415055,0.20954075069976136
5.86755165175926,11.981375048301887,10.89815688458367,9.798570443795494,8.83836969653726,7.303228764083895,1.2896270720460503,1.6110083780184934,0.2093405351705153,0.20939348666307697,0.20943460584986967,0.20947170960773595,0.20954264161635502
5.8749999988425925,11.976975031348475,10.914815871542944,9.814810707880648,8.82732947632942,7.260440866551781,1.2865163432345343,1.6088450276058104,0.2093408206574344,0.2093929985905301,0.20943412530134806,0.20947217609283358,0.20954422181429416
5.881961838217593,11.972879947783607,10.92686572936829,9.830019984505066,8.822765883255052,7.2294538872966125,1.2821249168138256,1.6068341015834828,0.20934108525423337,0.20939265846910474,0.20943366264843452,0.2094724006214398,0.20954541350462694
5.8890419848611115,11.968796197962645,10.93504109055389,9.843351346904196,8.821179458459847,7.203160189718706,1.2778905502859714,1.6050773300848138,0.20934134057702894,0.20939245807438722,0.2094332672686112,0.20947252189934928,0.20954644152920515
5.896479810115741,11.964901928158255,10.940324077572857,9.855124313367885,8.822089445944934,7.180621774388526,1.273782482824891,1.603505138522045,0.20934158090985341,0.20939236604142086,0.20943293277013283,0.2094725620649078,0.20954732448979294
5.904066119780093,11.961681916179666,10.943118033828531,9.864742467084417,8.824735696981179,7.162271538445272,1.2699854205336516,1.602151618059852,0.209341786171935,0.20939236362640162,0.20943267698978021,0.20947254544010627,0.20954804774562688
5.911156538854167,11.959585766550097,10.944074013927134,9.87162833462703,8.82797325994913,7.14863913146586,1.2667970568769846,1.6010852703725702,0.20934193579281882,0.20939241846604062,0.2094325117721686,0.20947250393196876,0.20954859150361904
5.918122456840278,11.95848597301056,10.943875176578343,9.876439561039044,8.831156862199279,7.137661007077475,1.2641019177987283,1.600225419130415,0.2093420406052912,0.20939250781805452,0.20943241401325965,0.20947245836486394,0.20954903124389088
5.925387881689815,11.958373832165435,10.939147397459605,9.875124706895077,8.829471967192747,7.120372724398641,1.265193826711656,1.60025108522957,0.2093420833965933,0.20939273813328257,0.20943251424901135,0.20947256413780335,0.20954967007889538
5.932667866006945,11.958177739146848,10.930055355438789,9.867201549790721,8.82171631239413,7.093916660127939,1.2714068138345778,1.6015569337358042,0.20934208476511518,0.20939311610773673,0.20943284727468917,0.20947288194623162,0.20955055872916115
5.939968491064815,11.956707947425112,10.917669226865268,9.854085133038026,8.808817484900457,7.058986845047127,1.282151576970696,1.6041532129094407,0.20934208791088915,0.2093936012544078,0.2094333636514392,0.20947338206818464,0.2095516694213371
5.947406026446759,11.95324056813081,10.902207489628044,9.836261665136982,8.790890430429334,7.015402205036324,1.297158472810935,1.6081328500799783,0.20934212336394278,0.20939418298724052,0.20943404461333293,0.20947406002193972,0.2095530233796741
5.9543827602777775,11.947853876682768,10.885362754408044,9.816004125247655,8.77001130076492,6.967629325648482,1.3145154815689084,1.6131048652047817,0.209342206558058,0.20939479784221318,0.20943480407114426,0.20947483757664084,0.20955449482992558
5.961347208564815,11.936912604307025,10.866600881548857,9.79303050451784,8.745792022355047,6.914080625672409,1.3344680734052712,1.619241940374332,0.20934243626378118,0.20939546851541568,0.20943565722947638,0.2094757333781511,0.2095561413809543
5.969030406331019,11.88992068478025,10.84234108924813,9.766750886756727,8.717602234551055,6.852641776214828,1.357360270235047,1.62702130404093,0.2093438856471029,0.20939631064229267,0.20943662915263134,0.20947677630188258,0.2095580236762776
5.976318079212963,11.812769319821154,10.810437875995964,9.739895158213606,8.68935368868367,6.792715400877005,1.3794707119741823,1.6353168159996914,0.20934643582654153,0.20939739595608958,0.20943760438897477,0.20947781255218054,0.20955987695245532
5.983527083634259,11.711841325731914,10.767314143890145,9.709941498708593,8.659574930769004,6.731606512708389,1.4017341884526695,1.6444054235687449,0.2093498487810634,0.20939885653409837,0.20943867244887954,0.20947889521360216,0.20956178399136202
5.990888858240741,11.58883218125584,10.71026095940604,9.674507715350392,8.626902635007072,6.667074438939445,1.424937343559526,1.6545887392663283,0.20935405929052386,0.20940079051505148,0.20943991837798914,0.20948007283489226,0.2095638100295803
5.998118361967593,11.452509248648086,10.641397666803954,9.633878893682422,8.592155914846568,6.601346556488721,1.448280445685953,1.6654640597351853,0.20935876223169306,0.20940313006521227,0.20944133406079904,0.2094813134007125,0.20956588176169627
6.0051531230208335,11.31570241227576,10.563307688856229,9.58849304266439,8.555804078590024,6.535720620348153,1.4712369570289783,1.676791056225831,0.20936354803037882,0.2094057935587958,0.20944290935885138,0.2094826042953595,0.2095679559074443
6.012443583969907,11.190752909588914,10.475030648062297,9.535894666484634,8.515963320286643,6.46786166344111,1.4943408603842452,1.6890839467637853,0.20936793731446426,0.20940881596002545,0.2094447288838288,0.20948401117733895,0.20957010625288602
6.019916142708333,11.078757977940555,10.380813328522377,9.476124638192436,8.472105255822004,6.39796369382237,1.5174579390388794,1.7022213621346023,0.20937186639623037,0.20941204593025567,0.2094467904810442,0.20948554933686478,0.20957233906642098
6.027271386064815,10.981444825118919,10.287203588265903,9.412165123788437,8.425570020488182,6.328239273707037,1.5398879510977197,1.7156465668359309,0.20937527310846446,0.20941525532376296,0.20944899296403593,0.20948717269391726,0.2095745818935246
6.03425493099537,10.898613216823199,10.199191172537741,9.347565447778036,8.378196992051931,6.260741153781626,1.5610939917977698,1.7288171626963382,0.20937816521638672,0.20941827076955186,0.2094512154682611,0.20948881920165197,0.20957676329149214
6.041666698842593,10.818904885334328,10.107815670330769,9.275810572235,8.32458586306773,6.18733544737758,1.5837108333781422,1.7432220376619918,0.20938094017170997,0.209421397779815,0.20945368269597303,0.209490677770107,0.20957914137067907
6.049048031574074,10.737665988258263,10.020388103994959,9.203524775541336,8.26980436839292,6.116465093030486,1.604354318021363,1.7576110523961004,0.20938374654431557,0.20942438918240422,0.20945617361685098,0.20949258190661674,0.20958144126977957
6.056753827268518,10.641712250861461,9.931438863387154,9.128406085827503,8.21230093904403,6.048609732842872,1.6219333978867945,1.7722333401841273,0.20938709990162244,0.20942742149068316,0.20945875419009305,0.20949457202061594,0.2095836679777279
6.063856516875,10.544606610949726,9.849230637604292,9.05886466210772,8.158363723427561,5.990560703823976,1.6349961741413377,1.785304353571582,0.20939052078195475,0.2094302176125744,0.20946113482278444,0.20949642938333932,0.2095856139529154
6.072030303969908,10.424194157450414,9.752662651080772,8.978048165868406,8.094981537092325,5.927976852524333,1.6468807424911662,1.7998140237615803,0.20939478889438343,0.2094335021504759,0.20946389433881565,0.2094986033239182,0.20958775103851904
6.07930399150463,10.310478971615785,9.663995236610717,8.905039073366925,8.037320833159448,5.875246294475025,1.6551210682590098,1.812209303375101,0.20939883942460635,0.20943652364400694,0.20946638378158217,0.20950057538479833,0.20958957749042292
6.08625636125,10.196652912471833,9.576076399464947,8.833680236681698,7.980723417971888,5.826100380432241,1.6617244141471343,1.8236419324826354,0.20940290389010557,0.20943952604659397,0.20946881386417382,0.20950250475522386,0.20959129283824796
6.093371926435185,10.073722029005324,9.481238665863824,8.757006006309405,7.9190864989710255,5.770547697691612,1.6707450737762368,1.8355047086013876,0.20940728559922242,0.2094427734975172,0.20947142565376212,0.2095046022194391,0.20959323299740312
6.100632706388889,9.94187896912728,9.37981626157842,8.675385749876702,7.852812879896908,5.707473927179229,1.6830043722088022,1.8479373773615486,0.2094119834161316,0.20944626357354082,0.20947421723964094,0.20950686516311662,0.20959539425897006
6.1085902331365745,9.790999698251202,9.263691756323722,8.582404084148445,7.776855961902155,5.631647014164324,1.6997873195570747,1.8619770559971058,0.20941736070002354,0.20945027783331316,0.209477410694419,0.2095094680097062,0.2095979480899118
6.116568551793981,9.634025973480638,9.1423369165077,8.485555692861269,7.697403244085889,5.549211447324108,1.7198835762307196,1.8765279453724286,0.2094229569316871,0.20945448889151688,0.2094807495553708,0.2095121990209023,0.2096006962372094
6.1249999988425925,9.462835234542306,9.009068728161523,8.379315779715656,7.60994724451088,5.455681428652726,1.7444032347655958,1.8924693354808557,0.20942906151289725,0.2094591274550808,0.2094844244866785,0.20951521301912712,0.20960379841252674
6.1323173814814815,9.3104470062498,8.890572489923004,8.285646760463997,7.533409096904782,5.376111489242559,1.7645998754594003,1.906122923302762,0.20943451373444272,0.209463267553527,0.20948768084270067,0.2095178654732147,0.20960642612146763
6.139287316481481,9.162216347990709,8.774940037882937,8.195379642071371,7.460804385542708,5.307568362588194,1.7794429946475754,1.9182817777823664,0.20943983777631991,0.2094673095693409,0.20949081775814996,0.2095203771688672,0.20960871837165151
6.146426683726852,9.007697501311869,8.652560564639002,8.100434351754656,7.385350307173958,5.243422430989818,1.7905928107412843,1.9298656788204704,0.2094454029400957,0.20947158815992756,0.20949411392963946,0.20952297964635083,0.20961093197147468
6.153594191354166,8.850169678396167,8.525357544776892,8.00193423811305,7.307870703291658,5.183981833696089,1.798118512991561,1.940597879121235,0.2094510905802135,0.20947603954480964,0.20949753286223285,0.20952564637933055,0.20961304370599335
6.161847840046296,8.6662822726016,8.37345005507153,7.884019264668024,7.215965506274209,5.120225804997756,1.8028744039047233,1.9518314561333048,0.20945774663857483,0.20948136507388693,0.2095016286037344,0.20952880616469896,0.2096153658962426
6.168972169618056,8.506192917750441,8.237715402269352,7.777900813537915,7.133736599016938,5.067556518843058,1.8044662240170561,1.960610772806694,0.20946355768399927,0.20948613389492238,0.20950531823228105,0.20953163077211212,0.2096173182554809
6.176009450393519,8.35283990691362,8.099722525967676,7.667874895069492,7.047767523816698,5.010159753483044,1.8080691248263847,1.9692434068814546,0.2094691316511891,0.20949099281253789,0.20950914865343623,0.2095345831147714,0.20961945725481917
6.1830043094560185,8.206383655420149,7.960931124752552,7.5544358980162825,6.958143471592621,4.946187204373958,1.8148109183893417,1.9780535633716072,0.2094744511183761,0.20949589609218383,0.2095131124781045,0.20953767218198124,0.20962179053631133
6.191270528553241,8.03944579322476,7.796762610715511,7.416494481970326,6.847794999370568,4.862610455321851,1.8265763048304808,1.9887852395661219,0.20948050940284366,0.2095017134234359,0.20951795058557174,0.20954149055995364,0.20962477607351895
6.199221390856481,7.883689328643291,7.6397459778087375,7.280743282655128,6.737552033153285,4.774906106055001,1.8414621221820235,1.9994599356488414,0.20948615471390739,0.2095072897512521,0.20952272691699406,0.20954531809262927,0.20962787436545913
6.206166194444444,7.750520813190688,7.5037591230723235,7.1603001336245615,6.638239687681004,4.693003664123966,1.8570754738918482,2.009085650331643,0.20949097432468575,0.20951212534656585,0.2095269739845337,0.20954877433384708,0.20963075780893536
6.213276553472222,7.618629765692852,7.3663631561348595,7.036309998462005,6.534933423549141,4.608505447010207,1.8729432617530386,2.0187305033087672,0.20949576476658646,0.20951701902712955,0.20953135757341218,0.20955238224384032,0.2096337221845613
6.220294223668981,7.498431300686769,7.233281340019635,6.914062366827439,6.433059519018542,4.535198597302106,1.8817125536735368,2.026544876026178,0.2095001521385588,0.2095217620041816,0.20953568118454444,0.20955594090278368,0.20963631421681375
6.227577247349537,7.384101333883519,7.097362171948516,6.785661760163062,6.3252617630892125,4.468123056443873,1.8838528636776248,2.032745409976327,0.20950433666546583,0.2095265999636707,0.20954021299041659,0.20955969374934982,0.20963881420339608
6.235225634571759,7.274956808005298,6.9579938716105865,6.649062447328848,6.208861993862972,4.404856261595902,1.8794794427482826,2.0371515678874,0.20950834693792683,0.20953155689314448,0.2095450259270574,0.20956373347046237,0.20964130327940128
6.2429327403356485,7.175682617477566,6.822482273552642,6.510381727630228,6.088150359441963,4.345926524187304,1.8693551533920834,2.0393997088815254,0.2095120137932548,0.20953637728783997,0.2095499072518569,0.20956791352739607,0.2096437187723584
6.2499999988425925,7.0934447025491885,6.70373803648787,6.383274971172132,5.974653110869054,4.294147452504508,1.8560302325670723,2.0395202524149,0.20951506973190814,0.20954060490212373,0.20955437886947198,0.20957183782408959,0.20964589439803502
6.257098422743056,7.024267777753946,6.589298407782048,6.255239382259613,5.856437818025704,4.234089274413527,1.8453637204904494,2.039154896152142,0.20951766274468453,0.20954467514417371,0.20955887342146515,0.20957591139017281,0.20964842873226863
6.264335954861111,6.97236315391226,6.479948175461501,6.126022341545981,5.732483556194826,4.157274430866739,1.842859606081414,2.0397167135841134,0.20951961954228362,0.20954857702883603,0.20956341591174674,0.20958018730721586,0.20965152376718846
6.271945845474537,6.933921950988367,6.3758577086954995,5.9947427204793176,5.601665134967443,4.062890876525091,1.848303059742988,2.0413334148939386,0.20952108264770541,0.2095523067492393,0.2095680429645731,0.20958471104630755,0.20965513845476627
6.280121287824074,6.906362023044909,6.276983565138347,5.860575498295762,5.462432359595854,3.9493601818040056,1.8621702498592776,2.0442541399498864,0.20952214103180145,0.20955586069918208,0.20957278027147777,0.20958953370816114,0.2096593615605461
6.287723792662037,6.890015838141615,6.196467457696998,5.742939741513984,5.3352281151796355,3.835158351105613,1.8814787451884143,2.048084585902817,0.209522771321382,0.20955875942758093,0.20957693625502216,0.20959394141982,0.20966355446643428
6.294839025740741,6.885437773824429,6.131748183782475,5.640354963693944,5.219692793755143,3.7256110326173695,1.9023285684181257,2.052137174061539,0.20952301041426555,0.20956110582803264,0.2095805686031561,0.20959795022645217,0.20966753157021895
6.301931665763889,6.924313710721308,6.088389414105554,5.551558991061607,5.1131399207818555,3.6361963149821195,1.9104240750082018,2.0527178560306787,0.20952177549639472,0.20956271727503908,0.2095837257091481,0.209601654371326,0.20967067356705074
6.308877985034722,7.01038211603767,6.070472223180991,5.477110125797446,5.014970953921973,3.568714929874709,1.9041592225359327,2.049161550144616,0.2095188585786899,0.2095634137755787,0.20958635628275413,0.20960504170896677,0.20967325629169056
6.316614128483796,7.1593959912367895,6.085457872533632,5.411768307232834,4.912995743615907,3.5123391542445135,1.8825066960884098,2.0404179097554924,0.20951372093188472,0.20956294638736847,0.20958865058319293,0.2096085281232541,0.20967571188701797
6.323961943796296,7.34822587214084,6.140317000938574,5.372872702385429,4.8266016144922785,3.4734771500653556,1.849641709175205,2.0274808756684375,0.2095071655605826,0.20956106914203776,0.20959001526734095,0.20961145936261252,0.20967765121553808
6.331967345509259,7.599827015436471,6.250714493232437,5.364332577549302,4.749792385746072,3.4449125082109466,1.8025594704525174,2.0083037638908436,0.20949839845930573,0.209557241808525,0.2095903303378832,0.20961405034036557,0.20967931624186634
6.339027732835648,7.85303091847984,6.390236266409708,5.389839568919552,4.700856680475205,3.4273841632982145,1.7558349733428358,1.987848749251901,0.209489528696774,0.20955235885939336,0.20958945405386956,0.20961568238244185,0.20968053983017448
6.346298378148148,8.134759856831346,6.567803649988947,5.4474801749199235,4.670684706126822,3.411062428800732,1.709224978272935,1.9651015056047783,0.20947962040411158,0.20954614000399957,0.2095874664950295,0.20961667305085854,0.20968169607620799
6.354071586990741,8.454754812869925,6.795062160672131,5.547745875691591,4.66706264049734,3.400616104350013,1.6608417923587466,1.9389906070763254,0.2094683289100796,0.20953818785261932,0.20958401177187921,0.2096167727104075,0.20968251004467114
6.361399116608796,8.770992126976187,7.042531037712258,5.679855528837346,4.694677211650646,3.4025530024901274,1.615993197477635,1.9127473588950425,0.20945713335700789,0.20952952884581766,0.20957944945625345,0.2096158279100099,0.20968272278523423
6.369017581666666,9.112679411484802,7.330495358736619,5.855446557178055,4.758063032525423,3.4217399848869783,1.5694772803826864,1.8838893369080687,0.20944498815970186,0.20951944668221098,0.20957336492403061,0.20961367970886888,0.20968222798691832
6.376007586909722,9.43639654415518,7.618129906715926,6.049277170505196,4.848677045319509,3.458545994054706,1.526471382349518,1.8561459698004326,0.20943342680603896,0.2095093651324311,0.20956661856047332,0.20961060747049218,0.2096810134189646
6.3830039564467596,9.751243725451237,7.915280541454425,6.26455413022552,4.964702242430493,3.5098490617512716,1.4864778936948269,1.8285122107062122,0.209422112723895,0.20949890721226438,0.20955907193720505,0.20960664384711888,0.20967928799627236
6.390296228587963,10.06266166177938,8.22393871839618,6.5037349066618795,5.108040601709565,3.576729593804709,1.4495137789567798,1.8007009764700523,0.20941093565297814,0.20948803875702882,0.2095506678433556,0.20960173362231688,0.20967692154533946
6.397988526273148,10.378511499654648,8.544175683846579,6.767741626425356,5.281753555317453,3.6637698371680045,1.4146940597338593,1.7725400600412473,0.20939959675645917,0.2094767576415664,0.20954137720826202,0.2095957657007015,0.2096737160174711
6.405483999965278,10.678622225010601,8.849330979872478,7.031880630680748,5.469713027985821,3.7653218871903302,1.3840148586743763,1.74633267805396,0.2093888170922055,0.2094660094054492,0.20953206988420645,0.20958928292847154,0.20966991692183934
6.412597008993056,10.95978570675839,9.132728450970506,7.285545876520918,5.66169529197117,3.8764643494071342,1.3572577447925498,1.7226394675327292,0.20937871629356689,0.2094560355892433,0.20952311961107703,0.2095826349149549,0.2096657439345512
6.419582049236111,11.231014307483612,9.405822957508661,7.535400430264473,5.860149166707938,3.9985411035875424,1.332817115314951,1.7005234595828533,0.20936894381999907,0.20944643526339488,0.2095142960212722,0.2095757391020304,0.2096611679962457
6.4270906804976855,11.487058117003873,9.689527717780697,7.80264904657315,6.0813332317649476,4.142253276602095,1.308370002331116,1.6780723291850566,0.20935971642156415,0.20943646046294256,0.20950485029043953,0.209568031556335,0.2096558038599298
6.43440566712963,11.703787720298102,9.949228894616523,8.058725777121873,6.301933839013403,4.292925756954687,1.2861800304947804,1.6575223333262024,0.20935194594021583,0.20942733341233677,0.20949579802556684,0.2095603220716276,0.20965021035555315
6.441351539189815,11.887768780772538,10.178000936598082,8.294993892524635,6.513605417591946,4.444056898802934,1.2664796915460041,1.6391986072730709,0.20934536943857834,0.20941930169781467,0.20948744976778008,0.20955290899233447,0.2096446363161467
6.448374848333334,12.058111530837037,10.391664410677281,8.524717880257331,6.7274294937514005,4.603122410363251,1.24786896171149,1.6218176228672894,0.20933929303599355,0.20941181119287208,0.20947934071797475,0.20954540786827458,0.20963881391937145
6.456289832847222,12.236524232083541,10.612798802992844,8.770642913315248,6.965419117766543,4.7876907917277975,1.2284709974445205,1.6035616192797342,0.20933294045083262,0.20940407348347154,0.2094706735008032,0.20953704953808672,0.2096321094124249
6.463461406863426,12.384899425383438,10.799206015450249,8.983350971953982,7.178816291897672,4.960987307650123,1.2112974929955584,1.5879140068801672,0.20932763606041457,0.20939758089525987,0.20946321011692584,0.20952957180216664,0.20962585931290892
6.470506439907408,12.510476141214971,10.973378052956816,9.188402616831324,7.391163126694688,5.14356672526096,1.1921594771877946,1.5726059129852281,0.20932312439312337,0.209391534117094,0.2094560380947461,0.209522143901044,0.209619338360384
6.477978151412037,12.627128069535116,11.14575716676019,9.399342641663406,7.6167531162433,5.348370344698446,1.1698776289704496,1.5563962587904814,0.2093189323479087,0.2093855644458371,0.20944867421210936,0.20951425951908323,0.20961213424989925
6.485733129108796,12.73549859382846,11.310388459574316,9.608958944014491,7.8487576518414475,5.570039918226559,1.1453816419972447,1.5395897239326828,0.20931504572626772,0.20937988494288332,0.209441375523708,0.2095061645463761,0.20960443019521746
6.493192771435186,12.831224097706343,11.455568141749627,9.800135546343885,8.067731845374608,5.789164071740918,1.1212356674636164,1.5234169940609112,0.20931162367114925,0.20937490132439657,0.20943474091911288,0.2094985435782462,0.20959687942971347
6.5001541074189815,12.915213375191696,11.58045609147888,9.968545902725882,8.26673377545158,5.996525916353713,1.0987388237994329,1.5082899681125552,0.2093086315697005,0.2093706376809702,0.20942891828479585,0.20949163918086006,0.20958977851894442
6.5074374668055555,12.996423987062144,11.697881908318125,10.129731995243521,8.463163242759327,6.2075865102342345,1.0777042507109598,1.4928714935044913,0.20930576510647975,0.209366627679482,0.20942334623161057,0.20948482487864103,0.20958258547941186
6.514504313356482,13.067194384105393,11.797926835153781,10.269333515084346,8.638421396283997,6.400008269121403,1.0613433364071654,1.4786603051964953,0.20930331353252604,0.20936322074402575,0.20941854204403654,0.20947876954364258,0.20957603955944415
6.522708700717593,13.139926452322383,11.899230339023187,10.41298099914476,8.823996442431776,6.60796097492082,1.0467635768750787,1.4630068547901882,0.2093008189032735,0.20935978006304232,0.20941362454384901,0.209472390318931,0.2095689591915055
6.530416347488426,13.199650145453642,11.981665719119599,10.531675239718542,8.981573553780386,6.7882194786425885,1.0367668062230861,1.449071968319476,0.20929877994358853,0.20935698450999854,0.2094095820817548,0.20946700241349608,0.2095628276126975
6.537640895138889,13.248614059363216,12.049083690966935,10.630066647369246,9.115266697149048,6.944034295731553,1.0301353357941982,1.4366563926725462,0.20929711116697786,0.20935469948340926,0.2094062456675741,0.20946245329274402,0.20955753972706395
6.544874918541667,13.291545548916845,12.10755007595797,10.716660231769158,9.235595956313379,7.086490035822191,1.0260597488655159,1.4249088324477888,0.20929565339372116,0.20935271113287796,0.2094033133388714,0.209458369546066,0.20955271300434164
6.552615787719907,13.332728523229143,12.157615314209902,10.792440611082588,9.344735056543483,7.215770178609422,1.026768725987807,1.4137149272885083,0.20929428219147617,0.2093509897839682,0.2094007445625023,0.20945466854044567,0.2095483296397674
6.55957015599537,13.364617554333671,12.193165078139447,10.84730789556742,9.426817187559525,7.311725123436636,1.031634424441947,1.4049750018095317,0.20929322479473172,0.20934975770834077,0.20939889188577146,0.2094518977693536,0.20954503844022063
6.5673675479861116,13.393594991303601,12.223890331810722,10.896127387201856,9.503016830939334,7.398645265546904,1.0410624529973318,1.3966490794127853,0.20929224942609673,0.20934867825675732,0.20939724919865182,0.2094493378378965,0.20954200449399016
6.574735951875,13.414035369817968,12.24493107609556,10.931484136732518,9.561273541805383,7.462515995022806,1.0532064237340495,1.3902337836487753,0.20929153364780242,0.20934792101134503,0.2093960624580598,0.20944738974762175,0.20953972227536158
6.5831320259143515,13.429087012186653,12.260224503726597,10.960584715054116,9.613186080589271,7.515648774307463,1.0702497923128,1.384662959957531,0.2092909551229419,0.20934734320982665,0.20939508671052617,0.20944566182525176,0.20953774984637033
6.590282288831019,13.435664735382986,12.270002928227767,10.981227878557775,9.651023633080502,7.553014322621579,1.0846332286304796,1.3808995288464032,0.20929063525542824,0.20934698014977043,0.20939441701274092,0.20944443132374316,0.20953633520909548
6.597467794467593,13.438200967989948,12.279974575118832,11.002333799046093,9.688029521725333,7.591969911723755,1.096061029307835,1.3774359590407803,0.20929043717393633,0.20934661359859996,0.20939372834329817,0.20944322856740885,0.2095348994678312
6.605299684641204,13.43808095938933,12.28997251957221,11.024572245566356,9.726278898873929,7.6351813306345875,1.1054758901430575,1.3740228524799636,0.20929033998896654,0.209346245950566,0.20939299508858267,0.2094419803672948,0.20953337234632569
6.613471888206019,13.435869824185346,12.299054382136482,11.04646299627803,9.763744810019476,7.6803066990328785,1.112504920161017,1.3708526537554124,0.2092903440100976,0.20934591599360777,0.20939226826762194,0.2094407535472493,0.2095318274716261
6.620674143136574,13.432617572981203,12.30577428941921,11.06444763786171,9.794759509224646,7.7196206732619075,1.1168297466786252,1.3683736394462411,0.20929041937607437,0.2093456780198096,0.2093916698410381,0.2094397361164863,0.20953050855918687
6.627785609664352,13.427856155399253,12.310694879214653,11.080360806176568,9.823059797450497,7.75681853219651,1.1201053339843974,1.3662556664440026,0.2092905611357662,0.2093455040794562,0.2093911351800531,0.2094388011840822,0.20952926895441726
6.635192776643518,13.415949438396776,12.309535731106271,11.090164594575706,9.845128154030528,7.784959825454369,1.125985521489234,1.3649964122541187,0.20929094888574454,0.20934552556683553,0.2093907951427318,0.2094380611139605,0.2095283140988055
6.642899312777778,13.394835207338325,12.300750895507115,11.093145579402083,9.860311170215594,7.801733479849458,1.1353735863731877,1.3648576414001874,0.20929163682462543,0.20934580578784756,0.20939069042381941,0.2094375555386433,0.20952768168764474
6.650607669872685,13.365427416051693,12.284369532187826,11.089398446564072,9.86851647482765,7.8071528697465,1.1476799900120174,1.365902159005634,0.20929257743759147,0.20934634173525987,0.20939081732561524,0.20943728798174163,0.20952737417308137
6.658771280972222,13.326225577248863,12.259082948925878,11.078404415155,9.87011173213399,7.80174098513807,1.1634325876950107,1.368291685028696,0.2092938140911788,0.20934717411779977,0.2093911913302151,0.20943724515061884,0.20952737642745942
6.666666698842593,13.281400341244906,12.227393660902134,11.06116772404911,9.865063625105606,7.786535614708694,1.1809389628569955,1.3718567716355556,0.20929521831285586,0.2093482197221053,0.2093917766128065,0.2094374258341372,0.20952767832949853
6.673949787824074,13.239436299492148,12.19664835596544,11.044570587380033,9.859947840915005,7.773470728716656,1.1952573501080954,1.375608217119767,0.20929656085220139,0.20934925990040176,0.20939236586785692,0.20943763544631064,0.2095279416283734
6.681459089259259,13.201487164709649,12.167475271685147,11.030184536891706,9.857952187445186,7.7698736592885345,1.2045840591860522,1.3792295263095125,0.2092978091555406,0.20935025129793802,0.20939287710997856,0.20943773770886376,0.20952794592813004
6.688632862442129,13.170825390182664,12.142059603017858,11.017742638637854,9.857611935143108,7.774144320885789,1.2089871190895014,1.3824220356591777,0.20929885840423,0.20935111960671937,0.2093933145235053,0.20943777430793178,0.20952777233233263
6.69580168625,13.145382981711153,12.119420335910142,11.00633196607687,9.858254988568298,7.784503428549322,1.2097132963953927,1.3853181252776545,0.20929976992032895,0.2093518991836014,0.2093937135210537,0.20943777180408213,0.2095274532910876
6.702776451273148,13.125070693084371,12.100236675850567,10.99624956353789,9.859597155548215,7.799291192748274,1.2075798884508455,1.3878221121649734,0.20930053474167984,0.20935256777734917,0.20939406701671928,0.2094377419700668,0.20952702440713708
6.709823881597222,13.108307160013705,12.08360181129611,10.987038309356379,9.861391268815066,7.81769596011734,1.203337827916535,1.3900279161648577,0.2093011983035421,0.20935315528966367,0.20939439038528176,0.2094376926718273,0.2095264975296484
6.7169278526967595,13.092225003559404,12.06571268116128,10.97452078424696,9.85900745958708,7.830325769297792,1.2010483775659042,1.3925391671189575,0.20930182615325088,0.20935377513384054,0.2093948128352115,0.20943776610118203,0.2095261511315396
6.723976414328703,13.07485676303715,12.04594827753028,10.958481803662274,9.851832408470392,7.833789411242928,1.2022317033910355,1.3956020971574625,0.209302472298841,0.20935446335011143,0.2093953631452667,0.2094380059386462,0.20952606103904048
6.731018302372685,13.055292555904659,12.024422175985613,10.939837312900659,9.84095529970381,7.829392662451596,1.206431703479041,1.3992270047698059,0.20930316408657396,0.20935521344422045,0.20939601033252148,0.2094383773888091,0.20952617932560885
6.739048626458334,13.029959435521578,11.997692667140022,10.915895176099049,9.824675894509678,7.816025450393732,1.2143399879579881,1.4040514194746496,0.2093040241819775,0.2093561411986117,0.20939684507746384,0.20943893841881825,0.20952654499511542
6.7465348127430556,13.003441700575403,11.970687602835353,10.891287860900084,9.806196601254943,7.7965249548430275,1.2241921695358582,1.4092175722198588,0.20930490079341754,0.20935707272319823,0.20939770302002264,0.2094395775598598,0.20952708881767362
6.753779746111111,12.976873837096766,11.944276640625976,10.867273525187114,9.787324306507962,7.775169726502254,1.2342216177172247,1.4145947547165243,0.20930578582975873,0.2093579947962057,0.2093985565237986,0.20944024916094167,0.20952769937630716
6.761257028252315,12.958225008163085,11.924896758537841,10.850760541134486,9.775707942344095,7.768850244949805,1.2372133556894669,1.4190957207598067,0.20930646554616042,0.2093586981632734,0.20939917259582194,0.2094406975010033,0.2095278641332552
6.768283502638889,12.950857907590674,11.914203203111963,10.841765786306146,9.77091028906037,7.77770576850471,1.2330225118210416,1.4221228386042022,0.20930681659262348,0.20935910428014412,0.20939952013258673,0.20944090403974708,0.2095276416902125
6.7755443166435185,12.953298698244406,11.911009282475847,10.838395040850147,9.771173431600262,7.799465132196533,1.2227661699206367,1.4239928981274625,0.20930688567001116,0.20935926541956923,0.20939967179292995,0.2094409341719628,0.20952709003155157
6.783112685115741,12.965695653951794,11.916406247657715,10.841289700614556,9.776812221710944,7.833488763721611,1.207045693972382,1.4245478378914347,0.20930665819892527,0.20935915382395615,0.20939961214984565,0.2094407814056223,0.20952620926379475
6.790254130543982,12.985486251345346,11.929635648676616,10.850198118624492,9.787122994520129,7.874394825347274,1.188749195194538,1.4237378412070434,0.20930618721561445,0.2093587927492281,0.20939935173195448,0.20944046990717527,0.20952512901634632
6.797225136284722,13.01115394467948,11.948326448085783,10.863060568939398,9.800132643914965,7.917975456234973,1.1700229350632176,1.4219412072497413,0.20930550973473475,0.20935825308546466,0.2093989531840138,0.20944005777695812,0.20952396384455438
6.804477328923611,13.042659505712646,11.970874828370876,10.877889563232898,9.813708060091052,7.959838269469199,1.1530383389184373,1.4195930708740017,0.20930462223763882,0.20935760147284424,0.20939849904158214,0.20943962989579257,0.20952284727503034
6.81200659175926,13.078665225212168,11.99797222982527,10.895945262693884,9.829031020514831,8.00027232415693,1.1379574733462516,1.4166454090012404,0.20930356375592873,0.20935681684435897,0.209397955425027,0.20943915611190755,0.2095217438222509
6.819362700046296,13.115912664139412,12.02786112261442,10.916623532524941,9.845808611535917,8.037708266174052,1.1253530506828522,1.4132602218195418,0.20930243624981343,0.2093559456897417,0.20939733754675194,0.2094386436901877,0.20952070245436366
6.8265443749768515,13.153579242417672,12.059955754503733,10.939830548791942,9.864233344768737,8.073030313486557,1.1146727432653538,1.4094783678403129,0.209301273104764,0.2093549995895966,0.2093966441618509,0.20943808408461445,0.209519708188546
6.8335740200578705,13.191297847426993,12.093809580884544,10.965423697494764,9.884438032635622,8.107035091049765,1.105404012460704,1.405332406244461,0.2093000919812584,0.20935398981026962,0.209395874513253,0.20943747121537964,0.2095187442836084
6.840959796469908,13.228291874043995,12.131386288791045,10.995341723063028,9.908223497509669,8.142855770750542,1.0965183460773649,1.4005105887143883,0.20929892105219502,0.2093528575634294,0.20939496843541983,0.20943674905727616,0.20951772448123268
6.848140572916667,13.259583413455744,12.168470208232062,11.027083448568996,9.933978875392212,8.178335097187887,1.088387629818348,1.3953794525745862,0.20929794135568694,0.20935173310586694,0.2093940001847109,0.20943596465616188,0.20951671177462566
6.856615794201389,13.291897774846408,12.211375218442823,11.067047938512632,9.967599423052942,8.221507064721647,1.079141087270674,1.388798942943656,0.2092969402455721,0.2093504300817379,0.2093927739280153,0.2094349368498272,0.20951547769425855
6.865196111666667,13.320849473058725,12.252877316255914,11.109165828172396,10.004838984155954,8.267020227207666,1.0699174767961732,1.381604403724082,0.2092960526610817,0.20934917235507222,0.20939147638920044,0.20943379417430347,0.20951417494187718
6.872462313564815,13.343266072594657,12.286169906550645,11.14533896539842,10.038473350687902,8.307133925932083,1.0620838212918005,1.3751288945752087,0.20929537134667248,0.2093481679968087,0.2093903600259697,0.20943275932876712,0.20951302545231199
6.8797914541319445,13.363063506588713,12.316669294170147,11.180256543797816,10.072446691668539,8.346791485538011,1.054974294495069,1.3684671956062584,0.2092947742330426,0.20934724552144107,0.20938927474136695,0.20943170433848876,0.20951188497940174
6.886760087453704,13.375299843028483,12.339107023254138,11.20782687909914,10.100490220074818,8.377122135132767,1.051426348200906,1.3626450539703878,0.20929444129483082,0.2093465733223188,0.20938842410639738,0.20943083641620008,0.20951101448360532
6.893908839710648,13.38135363099015,12.355540446717301,11.230831115249568,10.1253247197409,8.401290817603325,1.0506685951247299,1.3572558128815597,0.2092943176637189,0.2093460964881186,0.20938772921575036,0.20943007978075245,0.20951029887584985
6.901081158368055,13.381582255513543,12.365638204616827,11.248733434919894,10.146411307568501,8.419403699579183,1.0522615706310587,1.3524554047707167,0.20929437875216458,0.20934582301361,0.20938720423820867,0.20942944949467862,0.20950974030835987
6.909429391342592,13.375573848332994,12.369951842684962,11.263168201307902,10.166066904493784,8.433629698113133,1.0564268462351258,1.347649004850959,0.209294643026164,0.20934574214781232,0.20938680336349394,0.2094288774454836,0.2095092764898414
6.916666698842593,13.365753503824843,12.36785940488074,11.270284847066604,10.178785493658069,8.440529308710152,1.0615912786510167,1.3441739689945287,0.2092950125573145,0.20934585813187429,0.20938663145953046,0.2094285224220519,0.20950902695046253
6.923788267523149,13.346768924466271,12.359388920523976,11.271069864256562,10.185793173357306,8.440168319273715,1.0687673985417983,1.3416041547788473,0.20929566166257058,0.20934616802284906,0.20938665647051743,0.20942834341067923,0.20950898482713798
6.931149999143519,13.313251874342049,12.341829879931971,11.264447523201998,10.186235324098835,8.43030093006175,1.0790410474497232,1.3400677365500888,0.20929679618539976,0.20934677011239494,0.20938692530561073,0.20942838005016878,0.20950921106034218
6.9389008433101855,13.265324464858622,12.3132579598204,11.2496916044374,10.179868033214232,8.410389820848293,1.092530003159202,1.3396902080388071,0.20929839314481305,0.2093477322749379,0.2093874633643659,0.20942864227541244,0.2095097119666551
6.947090933877315,13.203226944901678,12.272152565089685,11.225505628845157,10.165813434581775,8.37955402213325,1.1093185942969734,1.3406875587877278,0.20930043647802937,0.20934910703482176,0.20938831311998377,0.20942915810642243,0.20951051769083656
6.954082624201389,13.142613674223362,12.228857039547554,11.197994482433742,10.14798535623934,8.34574528723905,1.1254406296628063,1.3426870427800996,0.20930241657535323,0.20935055183601828,0.20938926343127884,0.20942978792515626,0.20951142139140055
6.961265904293981,13.071468862473472,12.177501213822564,11.163720300697683,10.12454636364964,8.30478224742447,1.1432827690023721,1.3458075642112444,0.20930471588583474,0.20935226766562132,0.20939044101066479,0.2094306053663764,0.20951253604742182
6.968434292453703,12.969717029402059,12.119314993448993,11.126102032933535,10.098856849375295,8.263124983016535,1.1600528320849834,1.3495778141404,0.20930807311339197,0.20935421084487896,0.20939173266483363,0.20943150095690066,0.20951367410540817
6.975834179097222,12.834108288857507,12.04735314500399,11.082539252853463,10.069615007720998,8.220081850667576,1.17588088586799,1.354047632941691,0.209312667149707,0.20935661562502247,0.20939321555455287,0.20943250808351388,0.2095148742328254
6.983568452905093,12.666541090722019,11.956316919572805,11.029869342077129,10.03520815579442,8.174315617450668,1.1910988209109585,1.3593224253306162,0.20931843231371114,0.209359673367515,0.20939499729395675,0.20943367999962595,0.20951617777612339
6.990850717708334,12.489860881962414,11.854927778991254,10.972023677778715,9.998483190871097,8.129850662680361,1.2044831001310337,1.364799736101377,0.20932457167241572,0.20936309755538368,0.20939694903279987,0.20943492106591838,0.20951746377552768
6.998431543738426,12.2905777413871,11.733429788183374,10.902026660947904,9.954984477747072,8.081491067096241,1.2177398435559885,1.3709370473725613,0.20933154491052158,0.20936721693701996,0.20939931098225037,0.20943638377841345,0.2095188781046582
7.0,12.247696468863833,11.70633112922573,10.88621171533305,9.945238109163041,8.071160687168947,1.2204219988791065,1.3722512615165363,0.20933305057585783,0.20936813793174502,0.20939984509219356,0.20943671088113078,0.20951918196380315
